0.000000000000000000e+00 8.580000000000000071e+00
3.472172619047618758e-01 8.539992857142856053e+00
6.944345238095237516e-01 8.480014285714286615e+00
1.041651785714285516e+00 8.439999999999999503e+00
1.388869047619047503e+00 8.400000000000000355e+00
1.736086309523809490e+00 8.359999999999999432e+00
2.083303571428571033e+00 8.339957142857141292e+00
2.430520833333333020e+00 8.329950000000000188e+00
2.777738095238095006e+00 8.300000000000000711e+00
3.124955357142856993e+00 8.289935714285713075e+00
3.472172619047618980e+00 8.269999999999999574e+00
3.819389880952380523e+00 8.259999999999999787e+00
4.166607142857142065e+00 8.230000000000000426e+00
4.513824404761904496e+00 8.220185714285717538e+00
4.861041666666666039e+00 8.230000000000000426e+00
5.208258928571428470e+00 8.210107142857143714e+00
5.555476190476190013e+00 8.169999999999999929e+00
5.902693452380951555e+00 8.159878571428571092e+00
6.249910714285713986e+00 8.119999999999999218e+00
6.597127976190475529e+00 8.080000000000000071e+00
6.944345238095237960e+00 8.050000000000000711e+00
7.291562499999999503e+00 8.020150000000001000e+00
7.638779761904761045e+00 7.980314285714289468e+00
7.985997023809523476e+00 7.950000000000000178e+00
8.333214285714284131e+00 7.920171428571431527e+00
8.680431547619047450e+00 7.910000000000000142e+00
9.027648809523808993e+00 7.870000000000000107e+00
9.374866071428570535e+00 7.849999999999999645e+00
9.722083333333332078e+00 7.840200000000002944e+00
1.006930059523809362e+01 7.820000000000000284e+00
1.041651785714285694e+01 7.809785714285714775e+00
1.076373511904761848e+01 7.780000000000000249e+00
1.111095238095238003e+01 7.760228571428574362e+00
1.145816964285714157e+01 7.759528571428566224e+00
1.180538690476190311e+01 7.730000000000000426e+00
1.215260416666666643e+01 7.709999999999999964e+00
1.249982142857142797e+01 7.719999999999999751e+00
1.284703869047618952e+01 7.740528571428577642e+00
1.319425595238095106e+01 7.750000000000000000e+00
1.354147321428571260e+01 7.799999999999999822e+00
1.388869047619047592e+01 7.829714285714285182e+00
1.423590773809523746e+01 7.870000000000000107e+00
1.458312499999999901e+01 7.970300000000001717e+00
1.493034226190476055e+01 8.030307142857143532e+00
1.527755952380952209e+01 8.089999999999999858e+00
1.562477678571428363e+01 8.150000000000000355e+00
1.597199404761904695e+01 8.199671428571425835e+00
1.631921130952380850e+01 8.229664285714282101e+00
1.666642857142856826e+01 8.289999999999999147e+00
1.701364583333333158e+01 8.320000000000000284e+00
1.736086309523809490e+01 8.349642857142857366e+00
1.770808035714285467e+01 8.400364285714287504e+00
1.805529761904761799e+01 8.410000000000000142e+00
1.840251488095237775e+01 8.399621428571423465e+00
1.874973214285714107e+01 8.359614285714283000e+00
1.909694940476190439e+01 8.289999999999999147e+00
1.944416666666666416e+01 8.240400000000006386e+00
1.979138392857142748e+01 8.190407142857145217e+00
2.013860119047618724e+01 8.150000000000000355e+00
2.048581845238095056e+01 8.140000000000000568e+00
2.083303571428571388e+01 8.100428571428569313e+00
2.118025297619047365e+01 8.069564285714280416e+00
2.152747023809523697e+01 8.039999999999999147e+00
2.187468749999999673e+01 7.999549999999995720e+00
2.222190476190476005e+01 7.950000000000000178e+00
2.256912202380952337e+01 7.929535714285711023e+00
2.291633928571428314e+01 7.889528571428566117e+00
2.326355654761904646e+01 7.860957142857147417e+00
2.361077380952380622e+01 7.900485714285718331e+00
2.395799107142856954e+01 7.910492857142858547e+00
2.430520833333333286e+01 7.969999999999999751e+00
2.465242559523809263e+01 8.050507142857147969e+00
2.499964285714285595e+01 8.168971428571424553e+00
2.534686011904761571e+01 8.230000000000000426e+00
2.569407738095237903e+01 8.280528571428575901e+00
2.604129464285714235e+01 8.320535714285716367e+00
2.638851190476190212e+01 8.330000000000000071e+00
2.673572916666666544e+01 8.330000000000000071e+00
2.708294642857142520e+01 8.299442857142855345e+00
2.743016369047618852e+01 8.289999999999999147e+00
2.777738095238095184e+01 8.290571428571428925e+00
2.812459821428571161e+01 8.249421428571425352e+00
2.847181547619047493e+01 8.248828571428569845e+00
2.881903273809523469e+01 8.249407142857135611e+00
2.916624999999999801e+01 8.250000000000000000e+00
2.951346726190475778e+01 8.279392857142850559e+00
2.986068452380952110e+01 8.280614285714287703e+00
3.020790178571428442e+01 8.289378571428569487e+00
3.055511904761904418e+01 8.299371428571422626e+00
3.090233630952380750e+01 8.289999999999999147e+00
3.124955357142856727e+01 8.279357142857136864e+00
3.159677083333333059e+01 8.279999999999999361e+00
3.194398809523809390e+01 8.279999999999999361e+00
3.229120535714285722e+01 8.269999999999999574e+00
3.263842261904761699e+01 8.279999999999999361e+00
3.298563988095237676e+01 8.300000000000000711e+00
3.333285714285713652e+01 8.339314285714273467e+00
3.368007440476190339e+01 8.370692857142850940e+00
3.402729166666666316e+01 8.369299999999993744e+00
3.437450892857142293e+01 8.339999999999999858e+00
3.472172619047618980e+01 8.320714285714286618e+00
3.506894345238094957e+01 8.279999999999999361e+00
3.541616071428570933e+01 8.250000000000000000e+00
3.576337797619047620e+01 8.240735714285710500e+00
3.611059523809523597e+01 8.189999999999999503e+00
3.645781249999999574e+01 8.169249999999991019e+00
3.680502976190475550e+01 8.140000000000000568e+00
3.715224702380952237e+01 8.130000000000000782e+00
3.749946428571428214e+01 8.119228571428564578e+00
3.784668154761904191e+01 8.139221428571421058e+00
3.819389880952380878e+01 8.150000000000000355e+00
3.854111607142856855e+01 8.240792857142858807e+00
3.888833333333332831e+01 8.339999999999999858e+00
3.923555059523809518e+01 8.450807142857147625e+00
3.958276785714285495e+01 8.589185714285708428e+00
3.992998511904761472e+01 8.689178571428572084e+00
4.027720238095237448e+01 8.759999999999999787e+00
4.062441964285714135e+01 8.810000000000000497e+00
4.097163690476190112e+01 8.830842857142862101e+00
4.131885416666666089e+01 8.848299999999987620e+00
4.166607142857142776e+01 8.839999999999999858e+00
4.201328869047618753e+01 8.800864285714286694e+00
4.236050595238094729e+01 8.759999999999999787e+00
4.270772321428571416e+01 8.720000000000000639e+00
4.305494047619047393e+01 8.669999999999999929e+00
4.340215773809523370e+01 8.640892857142866035e+00
4.374937499999999346e+01 8.609099999999989095e+00
4.409659226190476033e+01 8.560000000000000497e+00
4.444380952380952010e+01 8.519999999999999574e+00
4.479102678571427987e+01 8.460000000000000853e+00
4.513824404761904674e+01 8.400928571428568858e+00
4.548546130952380651e+01 8.350935714285723677e+00
4.583267857142856627e+01 8.320000000000000284e+00
4.617989583333332604e+01 8.300000000000000711e+00
4.652711309523809291e+01 8.250000000000000000e+00
4.687433035714285268e+01 8.239035714285707357e+00
4.722154761904761244e+01 8.212914285714312257e+00
4.756876488095237931e+01 8.220000000000000639e+00
4.791598214285713908e+01 8.209014285714284043e+00
4.826319940476189885e+01 8.179999999999999716e+00
4.861041666666666572e+01 8.171000000000006480e+00
4.895763392857142549e+01 8.140000000000000568e+00
4.930485119047618525e+01 8.099999999999999645e+00
4.965206845238094502e+01 8.080000000000000071e+00
4.999928571428571189e+01 8.039999999999999147e+00
5.034650297619047166e+01 8.019999999999999574e+00
5.069372023809523142e+01 8.009999999999999787e+00
5.104093749999999829e+01 7.961049999999999294e+00
5.138815476190475806e+01 7.950000000000000178e+00
5.173537202380951783e+01 7.929999999999999716e+00
5.208258928571428470e+01 7.918928571428567764e+00
5.242980654761904447e+01 7.889999999999999680e+00
5.277702380952380423e+01 7.888914285714275998e+00
5.312424107142856400e+01 7.868907142857132442e+00
5.347145833333333087e+01 7.848899999999996879e+00
5.381867559523809064e+01 7.839999999999999858e+00
5.416589285714285040e+01 7.841114285714292365e+00
5.451311011904761727e+01 7.828878571428573352e+00
5.486032738095237704e+01 7.820000000000000284e+00
5.520754464285713681e+01 7.801135714285725165e+00
5.555476190476190368e+01 7.799999999999999822e+00
5.590197916666666345e+01 7.799999999999999822e+00
5.624919642857142321e+01 7.768842857142848501e+00
5.659641369047618298e+01 7.787671428571409038e+00
5.694363095238094985e+01 7.781171428571430404e+00
5.729084821428570962e+01 7.790000000000000036e+00
5.763806547619046938e+01 7.839999999999999858e+00
5.798528273809523625e+01 7.868807142857135339e+00
5.833249999999999602e+01 7.919999999999999929e+00
5.867971726190475579e+01 7.969999999999999751e+00
5.902693452380951555e+01 8.009999999999999787e+00
5.937415178571428243e+01 8.019999999999999574e+00
5.972136904761904219e+01 8.029999999999999361e+00
6.006858630952380196e+01 8.009999999999999787e+00
6.041580357142856883e+01 7.982485714285715517e+00
6.076302083333332860e+01 7.950000000000000178e+00
6.111023809523808836e+01 7.919999999999999929e+00
6.145745535714285523e+01 7.888735714285708411e+00
6.180467261904761500e+01 7.849999999999999645e+00
6.215188988095237477e+01 7.809999999999999609e+00
6.249910714285713453e+01 7.801285714285726591e+00
6.284632440476190141e+01 7.771292857142860555e+00
6.319354166666666117e+01 7.741300000000006065e+00
6.354075892857142094e+01 7.730000000000000426e+00
6.388797619047618781e+01 7.700000000000000178e+00
6.423519345238094047e+01 7.668678571428570123e+00
6.458241071428571445e+01 7.631328571428567464e+00
6.492962797619047421e+01 7.601335714285719192e+00
6.527684523809523398e+01 7.552685714285708229e+00
6.562406249999999375e+01 7.549999999999999822e+00
6.597127976190475351e+01 7.524071428571430964e+00
6.631849702380951328e+01 7.500000000000000000e+00
6.666571428571427305e+01 7.490000000000000213e+00
6.701293154761904702e+01 7.480000000000000426e+00
6.736014880952380679e+01 7.450000000000000178e+00
6.770736607142856656e+01 7.419999999999999929e+00
6.805458333333332632e+01 7.398599999999987631e+00
6.840180059523808609e+01 7.379999999999999893e+00
6.874901785714284586e+01 7.381414285714302359e+00
6.909623511904761983e+01 7.361421428571416570e+00
6.944345238095237960e+01 7.379999999999999893e+00
6.979066964285713937e+01 7.368564285714273687e+00
7.013788690476189913e+01 7.349999999999999645e+00
7.048510416666665890e+01 7.358550000000004587e+00
7.083232142857141866e+01 7.348542857142845719e+00
7.117953869047617843e+01 7.339999999999999858e+00
7.152675595238095241e+01 7.368528571428580420e+00
7.187397321428571217e+01 7.381478571428575108e+00
7.222119047619047194e+01 7.400000000000000355e+00
7.256840773809523171e+01 7.478507142857136358e+00
7.291562499999999147e+01 7.491500000000019810e+00
7.326284226190475124e+01 7.518492857142845764e+00
7.361005952380951101e+01 7.521514285714288484e+00
7.395727678571428498e+01 7.541521428571425822e+00
7.430449404761904475e+01 7.549999999999999822e+00
7.465171130952380452e+01 7.563071428571425336e+00
7.499892857142856428e+01 7.599999999999999645e+00
7.534614583333332405e+01 7.631550000000002498e+00
7.569336309523808382e+01 7.741557142857157459e+00
7.604058035714285779e+01 7.790000000000000036e+00
7.638779761904761756e+01 7.818428571428573726e+00
7.673501488095237733e+01 7.828421428571439300e+00
7.708223214285713709e+01 7.838414285714280894e+00
7.742944940476189686e+01 7.831592857142871011e+00
7.777666666666665662e+01 7.870000000000000107e+00
7.812388392857141639e+01 7.870000000000000107e+00
7.847110119047619037e+01 7.868385714285725641e+00
7.881831845238095013e+01 7.838378571428569863e+00
7.916553571428570990e+01 7.780000000000000249e+00
7.951275297619046967e+01 7.738364285714280477e+00
7.985997023809522943e+01 7.709999999999999964e+00
8.020718749999998920e+01 7.669999999999999929e+00
8.055440476190474897e+01 7.639999999999999680e+00
8.090162202380952294e+01 7.623328571428556799e+00
8.124883928571428271e+01 7.611671428571433751e+00
8.159605654761904248e+01 7.618321428571432463e+00
8.194327380952380224e+01 7.623371428571445563e+00
8.229049107142856201e+01 7.658307142857122329e+00
8.263770833333332178e+01 7.740000000000000213e+00
8.298492559523808154e+01 7.759999999999999787e+00
8.333214285714285552e+01 7.799999999999999822e+00
8.367936011904761529e+01 7.831721428571436938e+00
8.402657738095237505e+01 7.900000000000000355e+00
8.437379464285713482e+01 7.969999999999999751e+00
8.472101190476189458e+01 8.029999999999999361e+00
8.506822916666665435e+01 8.109999999999999432e+00
8.541544642857142833e+01 8.160000000000000142e+00
8.576266369047618809e+01 8.238235714285714550e+00
8.610988095238094786e+01 8.346457142857159894e+00
8.645709821428570763e+01 8.468221428571421683e+00
8.680431547619046739e+01 8.580000000000000071e+00
8.715153273809522716e+01 8.679999999999999716e+00
8.749874999999998693e+01 8.768199999999980676e+00
8.784596726190476090e+01 8.820000000000000284e+00
8.819318452380952067e+01 8.880000000000000782e+00
8.854040178571428044e+01 8.929999999999999716e+00
8.888761904761904020e+01 9.001828571428577064e+00
8.923483630952379997e+01 9.068164285714287232e+00
8.958205357142855974e+01 9.109999999999999432e+00
8.992927083333331950e+01 9.091850000000022192e+00
9.027648809523809348e+01 9.050000000000000711e+00
9.062370535714285325e+01 8.998135714285707465e+00
9.097092261904761301e+01 8.911871428571426890e+00
9.131813988095237278e+01 8.831878571428580571e+00
9.166535714285713254e+01 8.779999999999999361e+00
9.201257440476189231e+01 8.750000000000000000e+00
9.235979166666665208e+01 8.689999999999999503e+00
9.270700892857142605e+01 8.660000000000000142e+00
9.305422619047618582e+01 8.618085714285703247e+00
9.340144345238094559e+01 8.560000000000000497e+00
9.374866071428570535e+01 8.538071428571415211e+00
9.409587797619046512e+01 8.500000000000000000e+00
9.444309523809522489e+01 8.490000000000000213e+00
9.479031249999999886e+01 8.490000000000000213e+00
9.513752976190475863e+01 8.503914285714285981e+00
9.548474702380951840e+01 8.546071428571444528e+00
9.583196428571427816e+01 8.570000000000000284e+00
9.617918154761903793e+01 8.589999999999999858e+00
9.652639880952379769e+01 8.617942857142891100e+00
9.687361607142855746e+01 8.699999999999999289e+00
9.722083333333333144e+01 8.750000000000000000e+00
9.756805059523809120e+01 8.817992857142852969e+00
9.791526785714285097e+01 8.912014285714301209e+00
9.826248511904761074e+01 9.047978571428563654e+00
9.860970238095237050e+01 9.197971428571428021e+00
9.895691964285713027e+01 9.240000000000000213e+00
9.930413690476189004e+01 9.179999999999999716e+00
9.965135416666666401e+01 9.137950000000005346e+00
9.999857142857142378e+01 9.099999999999999645e+00
1.003457886904761835e+02 9.047935714285715747e+00
1.006930059523809433e+02 9.002071428571440492e+00
1.010402232142857031e+02 8.949999999999999289e+00
1.013874404761904628e+02 8.890000000000000568e+00
1.017346577380952226e+02 8.869999999999999218e+00
1.020818749999999966e+02 8.830000000000000071e+00
1.024290922619047564e+02 8.789999999999999147e+00
1.027763095238095161e+02 8.750000000000000000e+00
1.031235267857142759e+02 8.730000000000000426e+00
1.034707440476190357e+02 8.669999999999999929e+00
1.038179613095237954e+02 8.637864285714268675e+00
1.041651785714285694e+02 8.580000000000000071e+00
1.045123958333333292e+02 8.537849999999997053e+00
1.048596130952380889e+02 8.490000000000000213e+00
1.052068303571428487e+02 8.437835714285704114e+00
1.055540476190476085e+02 8.377828571428553417e+00
1.059012648809523682e+02 8.326535714285743239e+00
1.062484821428571280e+02 8.279999999999999361e+00
1.065956994047619020e+02 8.250000000000000000e+00
1.069429166666666617e+02 8.220000000000000639e+00
1.072901339285714215e+02 8.160000000000000142e+00
1.076373511904761813e+02 8.134428571428591326e+00
1.079845684523809410e+02 8.119999999999999218e+00
1.083317857142857008e+02 8.099999999999999645e+00
1.086790029761904606e+02 8.140000000000000568e+00
1.090262202380952345e+02 8.195514285714292413e+00
1.093734374999999943e+02 8.242250000000009180e+00
1.097206547619047541e+02 8.292257142857142327e+00
1.100678720238095138e+02 8.339999999999999858e+00
1.104150892857142736e+02 8.427728571428547255e+00
1.107623065476190334e+02 8.500000000000000000e+00
1.111095238095238074e+02 8.560000000000000497e+00
1.114567410714285671e+02 8.630000000000000782e+00
1.118039583333333269e+02 8.710000000000000853e+00
1.121511755952380867e+02 8.779999999999999361e+00
1.124983928571428464e+02 8.866942857142904089e+00
1.128456101190476062e+02 9.025357142857126647e+00
1.131928273809523660e+02 9.130000000000000782e+00
1.135400446428571399e+02 9.179999999999999716e+00
1.138872619047618997e+02 9.237657142857139903e+00
1.142344791666666595e+02 9.267650000000005051e+00
1.145816964285714192e+02 9.300000000000000711e+00
1.149289136904761790e+02 9.330000000000000071e+00
1.152761309523809388e+02 9.300000000000000711e+00
1.156233482142856985e+02 9.289999999999999147e+00
1.159705654761904725e+02 9.289999999999999147e+00
1.163177827380952323e+02 9.259999999999999787e+00
1.166649999999999920e+02 9.242400000000019489e+00
1.170122172619047518e+02 9.230000000000000426e+00
1.173594345238095116e+02 9.207585714285713152e+00
1.177066517857142713e+02 9.222421428571449198e+00
1.180538690476190311e+02 9.220000000000000639e+00
1.184010863095238051e+02 9.230000000000000426e+00
1.187483035714285649e+02 9.199999999999999289e+00
1.190955208333333246e+02 9.177350000000004115e+00
1.194427380952380844e+02 9.150000000000000355e+00
1.197899553571428442e+02 9.089999999999999858e+00
1.201371726190476039e+02 9.039999999999999147e+00
1.204843898809523779e+02 8.987521428571440651e+00
1.208316071428571377e+02 8.960000000000000853e+00
1.211788244047618974e+02 8.919999999999999929e+00
1.215260416666666572e+02 8.900000000000000355e+00
1.218732589285714170e+02 8.877492857142840421e+00
1.222204761904761767e+02 8.839999999999999858e+00
1.225676934523809365e+02 8.789999999999999147e+00
1.229149107142857105e+02 8.767471428571415260e+00
1.232621279761904702e+02 8.712535714285719379e+00
1.236093452380952300e+02 8.679999999999999716e+00
1.239565624999999898e+02 8.640000000000000568e+00
1.243037797619047495e+02 8.602557142857163441e+00
1.246509970238095093e+02 8.609999999999999432e+00
1.249982142857142691e+02 8.640000000000000568e+00
1.253454315476190430e+02 8.710000000000000853e+00
1.256926488095238028e+02 8.817414285714278321e+00
1.260398660714285626e+02 8.869999999999999218e+00
1.263870833333333223e+02 8.882600000000012486e+00
1.267343005952380821e+02 8.869999999999999218e+00
1.270815178571428419e+02 8.849999999999999645e+00
1.274287351190476016e+02 8.839999999999999858e+00
1.277759523809523756e+02 8.830000000000000071e+00
1.281231696428571354e+02 8.827364285714269343e+00
1.284703869047618809e+02 8.817357142857094487e+00
1.288176041666666549e+02 8.817349999999999355e+00
1.291648214285714289e+02 8.800000000000000711e+00
1.295120386904761745e+02 8.754671428571379366e+00
1.298592559523809484e+02 8.717328571428556216e+00
1.302064732142856940e+02 8.652678571428609189e+00
1.305536904761904680e+02 8.617314285714284594e+00
1.309009077380952135e+02 8.580000000000000071e+00
1.312481249999999875e+02 8.529999999999999361e+00
1.315953422619047615e+02 8.492707142857158331e+00
1.319425595238095070e+02 8.460000000000000853e+00
1.322897767857142810e+02 8.410000000000000142e+00
1.326369940476190266e+02 8.380000000000000782e+00
1.329842113095238005e+02 8.322735714285737885e+00
1.333314285714285461e+02 8.300000000000000711e+00
1.336786458333333201e+02 8.257249999999991985e+00
1.340258630952380940e+02 8.240000000000000213e+00
1.343730803571428396e+02 8.230000000000000426e+00
1.347202976190476136e+02 8.199999999999999289e+00
1.350675148809523591e+02 8.177221428571414208e+00
1.354147321428571331e+02 8.172785714285721426e+00
1.357619494047619071e+02 8.189999999999999503e+00
1.361091666666666526e+02 8.210000000000000853e+00
1.364563839285714266e+02 8.240000000000000213e+00
1.368036011904761722e+02 8.297185714285699731e+00
1.371508184523809462e+02 8.357178571428564240e+00
1.374980357142856917e+02 8.429999999999999716e+00
1.378452529761904657e+02 8.500000000000000000e+00
1.381924702380952397e+02 8.570000000000000284e+00
1.385396874999999852e+02 8.640000000000000568e+00
1.388869047619047592e+02 8.742857142857149100e+00
1.392341220238095048e+02 8.832864285714324026e+00
1.395813392857142787e+02 8.960000000000000853e+00
1.399285565476190243e+02 9.050000000000000711e+00
1.402757738095237983e+02 9.099999999999999645e+00
1.406229910714285722e+02 9.140000000000000568e+00
1.409702083333333178e+02 9.187099999999961852e+00
1.413174255952380918e+02 9.150000000000000355e+00
1.416646428571428373e+02 9.122914285714307070e+00
1.420118601190476113e+02 9.089999999999999858e+00
1.423590773809523569e+02 9.039999999999999147e+00
1.427062946428571308e+02 9.000000000000000000e+00
1.430535119047619048e+02 8.987057142857155512e+00
1.434007291666666504e+02 8.927049999999978169e+00
1.437479464285714243e+02 8.910000000000000142e+00
1.440951636904761699e+02 8.890000000000000568e+00
1.444423809523809439e+02 8.869999999999999218e+00
1.447895982142856894e+02 8.842978571428600887e+00
1.451368154761904634e+02 8.830000000000000071e+00
1.454840327380952374e+02 8.839999999999999858e+00
1.458312499999999829e+02 8.876999999999966917e+00
1.461784672619047569e+02 8.890000000000000568e+00
1.465256845238095025e+02 8.929999999999999716e+00
1.468729017857142765e+02 8.919999999999999929e+00
1.472201190476190220e+02 8.936971428571375498e+00
1.475673363095237960e+02 8.970000000000000639e+00
1.479145535714285700e+02 9.000000000000000000e+00
1.482617708333333155e+02 9.046949999999972292e+00
1.486089880952380895e+02 9.109999999999999432e+00
1.489562053571428351e+02 9.156935714285674877e+00
1.493034226190476090e+02 9.199999999999999289e+00
1.496506398809523546e+02 9.279999999999999361e+00
1.499978571428571286e+02 9.356914285714257318e+00
1.503450744047619025e+02 9.429999999999999716e+00
1.506922916666666481e+02 9.543100000000011462e+00
1.510395089285714221e+02 9.609999999999999432e+00
1.513867261904761676e+02 9.706885714285679256e+00
1.517339434523809416e+02 9.846878571428543836e+00
1.520811607142857156e+02 1.001687142857142199e+01
1.524283779761904611e+02 1.022686428571427619e+01
1.527755952380952351e+02 1.043999999999999950e+01
1.531228124999999807e+02 1.065684999999996485e+01
1.534700297619047547e+02 1.083999999999999986e+01
1.538172470238095002e+02 1.101683571428569586e+01
1.541644642857142742e+02 1.111999999999999922e+01
1.545116815476190482e+02 1.118999999999999950e+01
1.548588988095237937e+02 1.123000000000000043e+01
1.552061160714285677e+02 1.122680714285712966e+01
1.555533333333333132e+02 1.119999999999999929e+01
1.559005505952380872e+02 1.113000000000000078e+01
1.562477678571428328e+02 1.104678571428567224e+01
1.565949851190476068e+02 1.094322142857146218e+01
1.569422023809523807e+02 1.083999999999999986e+01
1.572894196428571263e+02 1.070676428571426797e+01
1.576366369047619003e+02 1.058999999999999986e+01
1.579838541666666458e+02 1.047000000000000064e+01
1.583310714285714198e+02 1.039325714285716451e+01
1.586782886904761654e+02 1.033000000000000007e+01
1.590255059523809393e+02 1.032654285714289166e+01
1.593727232142857133e+02 1.033000000000000007e+01
1.597199404761904589e+02 1.032000000000000028e+01
1.600671577380952328e+02 1.030987857142854836e+01
1.604143749999999784e+02 1.028999999999999915e+01
1.607615922619047524e+02 1.028669285714283888e+01
1.611088095238094979e+02 1.025999999999999979e+01
1.614560267857142719e+02 1.024667857142854466e+01
1.618032440476190459e+02 1.025999999999999979e+01
1.621504613095237914e+02 1.032000000000000028e+01
1.624976785714285654e+02 1.041665714285712596e+01
1.628448958333333110e+02 1.052999999999999936e+01
1.631921130952380850e+02 1.065000000000000036e+01
1.635393303571428305e+02 1.075000000000000000e+01
1.638865476190476045e+02 1.084999999999999964e+01
1.642337648809523785e+02 1.092999999999999972e+01
1.645809821428571240e+02 1.102999999999999936e+01
1.649281994047618980e+02 1.107000000000000028e+01
1.652754166666666436e+02 1.109659999999996849e+01
1.656226339285714175e+02 1.110999999999999943e+01
1.659698511904761631e+02 1.106000000000000050e+01
1.663170684523809371e+02 1.100000000000000000e+01
1.666642857142857110e+02 1.094342857142856928e+01
1.670115029761904566e+02 1.085999999999999943e+01
1.673587202380952306e+02 1.077999999999999936e+01
1.677059374999999761e+02 1.071654999999995894e+01
1.680531547619047501e+02 1.061999999999999922e+01
1.684003720238094957e+02 1.051999999999999957e+01
1.687475892857142696e+02 1.041999999999999993e+01
1.690948065476190436e+02 1.030000000000000071e+01
1.694420238095237892e+02 1.018999999999999950e+01
1.697892410714285631e+02 1.008000000000000007e+01
1.701364583333333087e+02 9.949999999999999289e+00
1.704836755952380827e+02 9.820000000000000284e+00
1.708308928571428567e+02 9.699999999999999289e+00
1.711781101190476022e+02 9.599999999999999645e+00
1.715253273809523762e+02 9.527057142857154659e+00
1.718725446428571217e+02 9.470000000000000639e+00
1.722197619047618957e+02 9.400000000000000355e+00
1.725669791666666413e+02 9.336449999999977933e+00
1.729141964285714153e+02 9.289999999999999147e+00
1.732614136904761892e+02 9.259999999999999787e+00
1.736086309523809348e+02 9.236428571428533019e+00
1.739558482142857088e+02 9.210000000000000853e+00
1.743030654761904543e+02 9.169999999999999929e+00
1.746502827380952283e+02 9.166407142857130097e+00
1.749974999999999739e+02 9.130000000000000782e+00
1.753447172619047478e+02 9.070000000000000284e+00
1.756919345238095218e+02 9.039999999999999147e+00
1.760391517857142674e+02 9.019999999999999574e+00
1.763863690476190413e+02 9.019999999999999574e+00
1.767335863095237869e+02 9.009999999999999787e+00
1.770808035714285609e+02 8.990000000000000213e+00
1.774280208333333064e+02 8.970000000000000639e+00
1.777752380952380804e+02 8.976342857142837417e+00
1.781224553571428544e+02 8.990000000000000213e+00
1.784696726190475999e+02 9.036328571428525080e+00
1.788168898809523739e+02 9.093678571428567281e+00
1.791641071428571195e+02 9.153685714285742847e+00
1.795113244047618934e+02 9.210000000000000853e+00
1.798585416666666390e+02 9.269999999999999574e+00
1.802057589285714130e+02 9.289999999999999147e+00
1.805529761904761870e+02 9.310000000000000497e+00
1.809001934523809325e+02 9.320000000000000284e+00
1.812474107142857065e+02 9.289999999999999147e+00
1.815946279761904520e+02 9.250000000000000000e+00
1.819418452380952260e+02 9.206257142857140252e+00
1.822890624999999716e+02 9.158749999999892921e+00
1.826362797619047456e+02 9.119999999999999218e+00
1.829834970238095195e+02 9.053764285714304805e+00
1.833307142857142651e+02 9.000000000000000000e+00
1.836779315476190391e+02 8.976221428571426131e+00
1.840251488095237846e+02 8.926214285714250352e+00
1.843723660714285586e+02 8.890000000000000568e+00
1.847195833333333042e+02 8.859999999999999432e+00
1.850668005952380781e+02 8.830000000000000071e+00
1.854140178571428521e+02 8.786185714285711157e+00
1.857612351190475977e+02 8.746178571428536941e+00
1.861084523809523716e+02 8.703828571428598337e+00
1.864556696428571172e+02 8.650000000000000355e+00
1.868028869047618912e+02 8.599999999999999645e+00
1.871501041666666652e+02 8.556149999999998812e+00
1.874973214285714107e+02 8.529999999999999361e+00
1.878445386904761847e+02 8.506135714285688820e+00
1.881917559523809302e+02 8.466128571428553684e+00
1.885389732142857042e+02 8.432242857142837167e+00
1.888861904761904498e+02 8.380000000000000782e+00
1.892334077380952237e+02 8.336107142857109409e+00
1.895806249999999977e+02 8.326099999999989620e+00
1.899278422619047433e+02 8.276092857142838710e+00
1.902750595238095173e+02 8.253914285714294863e+00
1.906222767857142628e+02 8.230000000000000426e+00
1.909694940476190368e+02 8.210000000000000853e+00
1.913167113095237823e+02 8.179999999999999716e+00
1.916639285714285563e+02 8.160000000000000142e+00
1.920111458333333303e+02 8.140000000000000568e+00
1.923583630952380759e+02 8.106042857142815805e+00
1.927055803571428498e+02 8.087928571428605551e+00
1.930527976190475954e+02 8.060000000000000497e+00
1.934000148809523694e+02 8.043978571428587188e+00
1.937472321428571149e+02 8.046014285714235825e+00
1.940944494047618889e+02 8.019999999999999574e+00
1.944416666666666629e+02 8.009999999999999787e+00
1.947888839285714084e+02 8.009999999999999787e+00
1.951361011904761824e+02 8.014014285714301522e+00
1.954833184523809280e+02 8.011957142857044190e+00
1.958305357142857019e+02 8.029999999999999361e+00
1.961777529761904475e+02 8.050000000000000711e+00
1.965249702380952215e+02 8.085957142857118640e+00
1.968721874999999955e+02 8.130000000000000782e+00
1.972194047619047410e+02 8.241885714285617226e+00
1.975666220238095150e+02 8.410000000000000142e+00
1.979138392857142605e+02 8.630000000000000782e+00
1.982610565476190345e+02 8.859999999999999432e+00
1.986082738095237801e+02 9.054085714285770692e+00
1.989554910714285541e+02 9.135907142857112362e+00
1.993027083333333280e+02 9.169999999999999929e+00
1.996499255952380736e+02 9.214107142857175248e+00
1.999971428571428476e+02 9.250000000000000000e+00
2.003443601190475931e+02 9.325878571428516395e+00
2.006915773809523671e+02 9.415871428571421120e+00
2.010387946428571126e+02 9.480000000000000426e+00
2.013860119047618866e+02 9.561714285714224104e+00
2.017332291666666606e+02 9.715849999999978337e+00
2.020804464285714062e+02 9.955842857142819469e+00
2.024276636904761801e+02 1.026249285714287574e+01
2.027748809523809257e+02 1.057000000000000028e+01
2.031220982142856997e+02 1.085582142857139765e+01
2.034693154761904452e+02 1.115162857142844466e+01
2.038165327380952192e+02 1.148580714285713000e+01
2.041637499999999932e+02 1.191579999999999373e+01
2.045109672619047387e+02 1.239000000000000057e+01
2.048581845238095127e+02 1.281157142857136932e+01
2.052054017857142583e+02 1.316000000000000014e+01
2.055526190476190322e+02 1.340577142857141446e+01
2.058998363095238062e+02 1.357000000000000028e+01
2.062470535714285518e+02 1.361999999999999922e+01
2.065942708333333258e+02 1.360425000000002882e+01
2.069414880952380713e+02 1.350000000000000000e+01
2.072887053571428453e+02 1.332000000000000028e+01
2.076359226190475908e+02 1.311999999999999922e+01
2.079831398809523648e+02 1.290000000000000036e+01
2.083303571428571388e+02 1.266428571428572525e+01
2.086775744047618844e+02 1.243999999999999950e+01
2.090247916666666583e+02 1.221000000000000085e+01
2.093720089285714039e+02 1.201999999999999957e+01
2.097192261904761779e+02 1.184999999999999964e+01
2.100664434523809234e+02 1.172000000000000064e+01
2.104136607142856974e+02 1.167432857142859248e+01
2.107608779761904714e+02 1.171000000000000085e+01
2.111080952380952169e+02 1.175999999999999979e+01
2.114553124999999909e+02 1.183999999999999986e+01
2.118025297619047365e+02 1.185999999999999943e+01
2.121497470238095104e+02 1.185999999999999943e+01
2.124969642857142560e+02 1.185999999999999943e+01
2.128441815476190300e+02 1.185999999999999943e+01
2.131913988095238039e+02 1.183999999999999986e+01
2.135386160714285495e+02 1.181000000000000050e+01
2.138858333333333235e+02 1.177999999999999936e+01
2.142330505952380690e+02 1.175440714285719501e+01
2.145802678571428430e+02 1.174000000000000021e+01
2.149274851190475886e+02 1.174557857142853656e+01
2.152747023809523625e+02 1.173557142857140079e+01
2.156219196428571365e+02 1.174000000000000021e+01
2.159691369047618821e+02 1.172555714285709172e+01
2.163163541666666561e+02 1.171000000000000085e+01
2.166635714285714016e+02 1.166999999999999993e+01
2.170107886904761756e+02 1.159999999999999964e+01
2.173580059523809211e+02 1.152999999999999936e+01
2.177052232142856951e+02 1.148000000000000043e+01
2.180524404761904691e+02 1.143999999999999950e+01
2.183996577380952147e+02 1.142449285714289253e+01
2.187468749999999886e+02 1.141549999999997311e+01
2.190940922619047342e+02 1.142999999999999972e+01
2.194413095238095082e+02 1.145548571428570384e+01
2.197885267857142537e+02 1.147000000000000064e+01
2.201357440476190277e+02 1.149000000000000021e+01
2.204829613095238017e+02 1.148000000000000043e+01
2.208301785714285472e+02 1.144999999999999929e+01
2.211773958333333212e+02 1.140455000000000929e+01
2.215246130952380668e+02 1.140000000000000036e+01
2.218718303571428407e+02 1.136999999999999922e+01
2.222190476190476147e+02 1.135999999999999943e+01
2.225662648809523603e+02 1.136542142857141080e+01
2.229134821428571342e+02 1.139000000000000057e+01
2.232606994047618798e+02 1.139000000000000057e+01
2.236079166666666538e+02 1.141000000000000014e+01
2.239551339285713993e+02 1.139000000000000057e+01
2.243023511904761733e+02 1.136461428571430154e+01
2.246495684523809473e+02 1.135537857142856311e+01
2.249967857142856928e+02 1.135537142857138626e+01
2.253440029761904668e+02 1.135999999999999943e+01
2.256912202380952124e+02 1.141535714285711833e+01
2.260384374999999864e+02 1.147534999999998462e+01
2.263856547619047319e+02 1.155534285714280784e+01
2.267328720238095059e+02 1.164000000000000057e+01
2.270800892857142799e+02 1.173000000000000043e+01
2.274273065476190254e+02 1.178999999999999915e+01
2.277745238095237994e+02 1.185999999999999943e+01
2.281217410714285450e+02 1.192999999999999972e+01
2.284689583333333189e+02 1.199000000000000021e+01
2.288161755952380645e+02 1.204941428571435047e+01
2.291633928571428385e+02 1.208999999999999986e+01
2.295106101190476124e+02 1.216527857142855495e+01
2.298578273809523580e+02 1.223527142857138017e+01
2.302050446428571320e+02 1.232000000000000028e+01
2.305522619047618775e+02 1.240000000000000036e+01
2.308994791666666515e+02 1.248000000000000043e+01
2.312466964285713971e+02 1.255000000000000071e+01
2.315939136904761710e+02 1.260999999999999943e+01
2.319411309523809450e+02 1.266000000000000014e+01
2.322883482142856906e+02 1.269522142857139713e+01
2.326355654761904646e+02 1.271000000000000085e+01
2.329827827380952101e+02 1.271000000000000085e+01
2.333299999999999841e+02 1.268999999999999950e+01
2.336772172619047296e+02 1.265000000000000036e+01
2.340244345238095036e+02 1.260999999999999943e+01
2.343716517857142776e+02 1.259482142857145170e+01
2.347188690476190231e+02 1.263000000000000078e+01
2.350660863095237971e+02 1.273516428571427994e+01
2.354133035714285427e+02 1.285999999999999943e+01
2.357605208333333167e+02 1.299000000000000021e+01
2.361077380952380622e+02 1.309999999999999964e+01
2.364549553571428362e+02 1.319999999999999929e+01
2.368021726190476102e+02 1.325999999999999979e+01
2.371493898809523557e+02 1.330000000000000071e+01
2.374966071428571297e+02 1.328999999999999915e+01
2.378438244047618753e+02 1.325000000000000000e+01
2.381910416666666492e+02 1.317490000000001338e+01
2.385382589285713948e+02 1.307509285714281155e+01
2.388854761904761688e+02 1.300491428571432273e+01
2.392326934523809427e+02 1.299000000000000021e+01
2.395799107142856883e+02 1.301999999999999957e+01
2.399271279761904623e+02 1.308999999999999986e+01
2.402743452380952078e+02 1.319505714285709708e+01
2.406215624999999818e+02 1.327999999999999936e+01
2.409687797619047558e+02 1.333000000000000007e+01
2.413159970238095013e+02 1.333000000000000007e+01
2.416632142857142753e+02 1.329497142857144176e+01
2.420104315476190209e+02 1.321502142857138473e+01
2.423576488095237949e+02 1.313000000000000078e+01
2.427048660714285404e+02 1.301999999999999957e+01
2.430520833333333144e+02 1.290000000000000036e+01
2.433993005952380884e+02 1.277999999999999936e+01
2.437465178571428339e+02 1.265501428571432996e+01
2.440937351190476079e+02 1.252999999999999936e+01
2.444409523809523535e+02 1.240000000000000036e+01
2.447881696428571274e+02 1.225999999999999979e+01
2.451353869047618730e+02 1.211504285714290852e+01
2.454826041666666470e+02 1.194999999999999929e+01
2.458298214285714209e+02 1.178505714285715733e+01
2.461770386904761665e+02 1.160506428571431314e+01
2.465242559523809405e+02 1.143999999999999950e+01
2.468714732142856860e+02 1.127507857142862235e+01
2.472186904761904600e+02 1.111999999999999922e+01
2.475659077380952056e+02 1.099509285714289319e+01
2.479131249999999795e+02 1.085999999999999943e+01
2.482603422619047535e+02 1.072000000000000064e+01
2.486075595238094991e+02 1.059999999999999964e+01
2.489547767857142730e+02 1.049024285714290272e+01
2.493019940476190186e+02 1.038000000000000078e+01
2.496492113095237926e+02 1.028999999999999915e+01
2.499964285714285381e+02 1.021514285714291681e+01
2.503436458333333121e+02 1.015484999999994820e+01
2.506908630952380861e+02 1.011484285714285392e+01
2.510380803571428316e+02 1.006483571428567991e+01
2.513852976190476056e+02 1.001999999999999957e+01
2.517325148809523512e+02 9.979642857142739132e+00
2.520797321428571252e+02 9.910000000000000142e+00
2.524269494047618707e+02 9.880000000000000782e+00
2.527741666666666447e+02 9.810000000000000497e+00
2.531213839285714187e+02 9.725207142857168918e+00
2.534686011904761642e+02 9.660000000000000142e+00
2.538158184523809382e+02 9.570000000000000284e+00
2.541630357142856838e+02 9.495228571428613762e+00
2.545102529761904577e+02 9.439999999999999503e+00
2.548574702380952033e+02 9.375242857142923825e+00
2.552046874999999773e+02 9.330000000000000071e+00
2.555519047619047512e+02 9.285257142857151536e+00
2.558991220238094968e+02 9.250000000000000000e+00
2.562463392857142708e+02 9.210000000000000853e+00
2.565935565476190163e+02 9.224721428571385218e+00
2.569407738095237619e+02 9.165285714285792196e+00
2.572879910714285643e+02 9.140000000000000568e+00
2.576352083333333098e+02 9.119999999999999218e+00
2.579824255952380554e+02 9.085307142857153906e+00
2.583296428571428578e+02 9.050000000000000711e+00
2.586768601190476033e+02 9.034678571428493399e+00
2.590240773809523489e+02 9.014671428571400469e+00
2.593712946428570945e+02 8.990000000000000213e+00
2.597185119047618969e+02 8.970000000000000639e+00
2.600657291666666424e+02 8.929999999999999716e+00
2.604129464285713880e+02 8.894642857142780912e+00
2.607601636904761904e+02 8.880000000000000782e+00
2.611073809523809359e+02 8.845371428571406014e+00
2.614545982142856815e+02 8.849999999999999645e+00
2.618018154761904270e+02 8.830000000000000071e+00
2.621490327380952294e+02 8.830000000000000071e+00
2.624962499999999750e+02 8.834599999999973363e+00
2.628434672619047205e+02 8.800000000000000711e+00
2.631906845238095229e+02 8.759999999999999787e+00
2.635379017857142685e+02 8.725421428571470628e+00
2.638851190476190141e+02 8.695428571428646336e+00
2.642323363095237596e+02 8.665435714285740332e+00
2.645795535714285620e+02 8.640000000000000568e+00
2.649267708333333076e+02 8.609999999999999432e+00
2.652739880952380531e+02 8.580000000000000071e+00
2.656212053571428555e+02 8.570000000000000284e+00
2.659684226190476011e+02 8.539999999999999147e+00
2.663156398809523466e+02 8.500000000000000000e+00
2.666628571428570922e+02 8.485485714285804448e+00
2.670100744047618946e+02 8.480000000000000426e+00
2.673572916666666401e+02 8.445499999999992013e+00
2.677045089285713857e+02 8.410000000000000142e+00
2.680517261904761881e+02 8.380000000000000782e+00
2.683989434523809336e+02 8.359999999999999432e+00
2.687461607142856792e+02 8.339999999999999858e+00
2.690933779761904816e+02 8.294464285714294505e+00
2.694405952380952272e+02 8.264457142857118299e+00
2.697878124999999727e+02 8.240000000000000213e+00
2.701350297619047183e+02 8.199999999999999289e+00
2.704822470238095207e+02 8.179999999999999716e+00
2.708294642857142662e+02 8.169999999999999929e+00
2.711766815476190118e+02 8.140000000000000568e+00
2.715238988095238142e+02 8.109999999999999432e+00
2.718711160714285597e+02 8.099999999999999645e+00
2.722183333333333053e+02 8.070000000000000284e+00
2.725655505952380508e+02 8.060000000000000497e+00
2.729127678571428532e+02 8.029999999999999361e+00
2.732599851190475988e+02 8.029999999999999361e+00
2.736072023809523444e+02 8.025628571428576663e+00
2.739544196428571468e+02 8.019999999999999574e+00
2.743016369047618923e+02 8.004357142857070784e+00
2.746488541666666379e+02 7.994349999999977641e+00
2.749960714285713834e+02 7.990000000000000213e+00
2.753432886904761858e+02 7.971328571428582421e+00
2.756905059523809314e+02 7.969999999999999751e+00
2.760377232142856769e+02 7.955678571428641987e+00
2.763849404761904793e+02 7.924314285714263661e+00
2.767321577380952249e+02 7.904307142857170732e+00
2.770793749999999704e+02 7.900000000000000355e+00
2.774265922619047160e+02 7.889999999999999680e+00
2.777738095238095184e+02 7.870000000000000107e+00
2.781210267857142640e+02 7.860000000000000320e+00
2.784682440476190095e+02 7.844271428571374827e+00
2.788154613095238119e+02 7.837207142857155695e+00
2.791626785714285575e+02 7.830000000000000071e+00
2.795098958333333030e+02 7.815750000000069697e+00
2.798571130952380486e+02 7.814242857142836840e+00
2.802043303571428510e+02 7.805764285714303696e+00
2.805515476190475965e+02 7.814228571428485814e+00
2.808987648809523421e+02 7.794221428571391996e+00
2.812459821428571445e+02 7.785785714285701431e+00
2.815931994047618900e+02 7.769999999999999574e+00
2.819404166666666356e+02 7.771600000000105091e+00
2.822876339285713811e+02 7.744192857142771835e+00
2.826348511904761835e+02 7.745814285714321734e+00
2.829820684523809291e+02 7.759999999999999787e+00
2.833292857142856747e+02 7.745828571428638121e+00
2.836765029761904771e+02 7.745835714285766116e+00
2.840237202380952226e+02 7.754157142857140528e+00
2.843709374999999682e+02 7.750000000000000000e+00
2.847181547619047137e+02 7.740000000000000213e+00
2.850653720238095161e+02 7.735864285714304955e+00
2.854125892857142617e+02 7.719999999999999751e+00
2.857598065476190072e+02 7.709999999999999964e+00
2.861070238095238096e+02 7.705885714285667376e+00
2.864542410714285552e+02 7.690000000000000391e+00
2.868014583333333007e+02 7.700000000000000178e+00
2.871486755952380463e+02 7.700000000000000178e+00
2.874958928571428487e+02 7.730000000000000426e+00
2.878431101190475943e+02 7.759999999999999787e+00
2.881903273809523398e+02 7.759999999999999787e+00
2.885375446428571422e+02 7.769999999999999574e+00
2.888847619047618878e+02 7.775942857142907449e+00
2.892319791666666333e+02 7.784049999999999692e+00
2.895791964285713789e+02 7.809999999999999609e+00
2.899264136904761813e+02 7.839999999999999858e+00
2.902736309523809268e+02 7.858057142857108879e+00
2.906208482142856724e+02 7.894021428571378785e+00
2.909680654761904748e+02 7.940000000000000391e+00
2.913152827380952203e+02 7.990000000000000213e+00
2.916624999999999659e+02 8.073999999999934118e+00
2.920097172619047114e+02 8.150000000000000355e+00
2.923569345238095138e+02 8.199999999999999289e+00
2.927041517857142594e+02 8.250000000000000000e+00
2.930513690476190050e+02 8.240000000000000213e+00
2.933985863095238074e+02 8.240000000000000213e+00
2.937458035714285529e+02 8.230000000000000426e+00
2.940930208333332985e+02 8.210000000000000853e+00
2.944402380952380440e+02 8.213942857142777498e+00
2.947874553571428464e+02 8.213935714285684142e+00
2.951346726190475920e+02 8.240000000000000213e+00
2.954818898809523375e+02 8.276078571428586272e+00
2.958291071428571399e+02 8.279999999999999361e+00
2.961763244047618855e+02 8.273907142857062524e+00
2.965235416666666310e+02 8.259999999999999787e+00
2.968707589285713766e+02 8.250000000000000000e+00
2.972179761904761790e+02 8.206114285714299683e+00
2.975651934523809246e+02 8.189999999999999503e+00
2.979124107142856701e+02 8.179999999999999716e+00
2.982596279761904725e+02 8.183864285714255615e+00
2.986068452380952181e+02 8.216142857142839873e+00
2.989540624999999636e+02 8.246150000000064040e+00
2.993012797619047092e+02 8.296157142857271793e+00
2.996484970238095116e+02 8.310000000000000497e+00
2.999957142857142571e+02 8.323828571428542489e+00
3.003429315476190027e+02 8.330000000000000071e+00
3.006901488095238051e+02 8.333814285714272074e+00
3.010373660714285506e+02 8.320000000000000284e+00
3.013845833333332962e+02 8.336200000000077992e+00
3.017318005952380418e+02 8.380000000000000782e+00
3.020790178571428442e+02 8.429999999999999716e+00
3.024262351190475897e+02 8.516221428571522978e+00
3.027734523809523353e+02 8.586228571428616618e+00
3.031206696428571377e+02 8.633764285714290665e+00
3.034678869047618832e+02 8.650000000000000355e+00
3.038151041666666288e+02 8.666250000000061959e+00
3.041623214285714312e+02 8.650000000000000355e+00
3.045095386904761767e+02 8.619999999999999218e+00
3.048567559523809223e+02 8.589999999999999858e+00
3.052039732142856678e+02 8.543721428571348753e+00
3.055511904761904702e+02 8.533714285714223635e+00
3.058984077380952158e+02 8.513707142857130705e+00
3.062456249999999613e+02 8.493699999999956063e+00
3.065928422619047637e+02 8.480000000000000426e+00
3.069400595238095093e+02 8.475257142857252290e+00
3.072872767857142549e+02 8.442642857142976354e+00
3.076344940476190004e+02 8.410000000000000142e+00
3.079817113095238028e+02 8.380000000000000782e+00
3.083289285714285484e+02 8.339999999999999858e+00
3.086761458333332939e+02 8.296350000000108693e+00
3.090233630952380963e+02 8.250000000000000000e+00
3.093705803571428419e+02 8.206364285714295548e+00
3.097177976190475874e+02 8.166371428571471469e+00
3.100650148809523330e+02 8.106378571428646040e+00
3.104122321428571354e+02 8.066385714285740249e+00
3.107594494047618809e+02 8.043607142857084114e+00
3.111066666666666265e+02 8.012800000000019907e+00
3.114538839285714289e+02 7.969999999999999751e+00
3.118011011904761745e+02 7.983585714285639234e+00
3.121483184523809200e+02 7.929999999999999716e+00
3.124955357142856656e+02 7.929999999999999716e+00
3.128427529761904680e+02 7.900000000000000355e+00
3.131899702380952135e+02 7.860000000000000320e+00
3.135371874999999591e+02 7.836450000000074745e+00
3.138844047619047615e+02 7.820000000000000284e+00
3.142316220238095070e+02 7.809999999999999609e+00
3.145788392857142526e+02 7.820000000000000284e+00
3.149260565476189981e+02 7.820000000000000284e+00
3.152732738095238005e+02 7.820000000000000284e+00
3.156204910714285461e+02 7.863507142857118382e+00
3.159677083333332916e+02 7.893499999999942673e+00
3.163149255952380940e+02 7.919999999999999929e+00
3.166621428571428396e+02 7.959999999999999964e+00
3.170093601190475852e+02 7.973478571428498363e+00
3.173565773809523307e+02 7.963471428571404331e+00
3.177037946428571331e+02 7.959999999999999964e+00
3.180510119047618787e+02 7.950000000000000178e+00
3.183982291666666242e+02 7.903449999999960340e+00
3.187454464285714266e+02 7.873442857142866735e+00
3.190926636904761722e+02 7.839999999999999858e+00
3.194398809523809177e+02 7.803142857142969291e+00
3.197870982142856633e+02 7.750000000000000000e+00
3.201343154761904657e+02 7.709999999999999964e+00
3.204815327380952112e+02 7.676592857142846782e+00
3.208287499999999568e+02 7.643399999999923367e+00
3.211759672619047592e+02 7.620000000000000107e+00
3.215231845238095048e+02 7.589999999999999858e+00
3.218704017857142503e+02 7.580000000000000071e+00
3.222176190476189959e+02 7.559999999999999609e+00
3.225648363095237983e+02 7.549999999999999822e+00
3.229120535714285438e+02 7.540000000000000036e+00
3.232592708333332894e+02 7.490000000000000213e+00
3.236064880952380918e+02 7.496657142857099387e+00
3.239537053571428373e+02 7.500000000000000000e+00
3.243009226190475829e+02 7.500000000000000000e+00
3.246481398809523284e+02 7.523321428571374092e+00
3.249953571428571308e+02 7.536685714285719762e+00
3.253425744047618764e+02 7.556614285714210233e+00
3.256897916666666219e+02 7.613400000000140722e+00
3.260370089285714243e+02 7.623292857142835999e+00
3.263842261904761699e+02 7.620000000000000107e+00
3.267314434523809155e+02 7.633278571428566472e+00
3.270786607142856610e+02 7.620000000000000107e+00
3.274258779761904634e+02 7.623264285714215660e+00
3.277730952380952090e+02 7.656742857142877945e+00
3.281203124999999545e+02 7.690000000000000391e+00
3.284675297619047569e+02 7.703242857142853062e+00
3.288147470238095025e+02 7.740000000000000213e+00
3.291619642857142480e+02 7.780000000000000249e+00
3.295091815476189936e+02 7.820000000000000284e+00
3.298563988095237960e+02 7.846785714285684499e+00
3.302036160714285415e+02 7.863207142857084442e+00
3.305508333333332871e+02 7.876800000000117485e+00
3.308980505952380895e+02 7.900000000000000355e+00
3.312452678571428351e+02 7.893185714285694488e+00
3.315924851190475806e+02 7.886821428571479942e+00
3.319397023809523262e+02 7.903171428571344137e+00
3.322869196428571286e+02 7.900000000000000355e+00
3.326341369047618741e+02 7.900000000000000355e+00
3.329813541666666197e+02 7.919999999999999929e+00
3.333285714285714221e+02 7.940000000000000391e+00
3.336757886904761676e+02 8.006864285714369700e+00
3.340230059523809132e+02 8.089999999999999858e+00
3.343702232142856587e+02 8.210000000000000853e+00
3.347174404761904611e+02 8.353771428571464597e+00
3.350646577380952067e+02 8.429999999999999716e+00
3.354118749999999523e+02 8.513099999999916179e+00
3.357590922619047547e+02 8.576907142857177035e+00
3.361063095238095002e+02 8.580000000000000071e+00
3.364535267857142458e+02 8.580000000000000071e+00
3.368007440476189913e+02 8.596928571428703592e+00
3.371479613095237937e+02 8.613064285714283841e+00
3.374951785714285393e+02 8.643057142857109909e+00
3.378423958333332848e+02 8.683049999999933988e+00
3.381896130952380872e+02 8.713042857142839992e+00
3.385368303571428328e+02 8.769999999999999574e+00
3.388840476190475783e+02 8.810000000000000497e+00
3.392312648809523807e+02 8.843021428571477216e+00
3.395784821428571263e+02 8.869999999999999218e+00
3.399256994047618718e+02 8.880000000000000782e+00
3.402729166666666174e+02 8.902999999999950731e+00
3.406201339285714198e+02 8.932992857142856735e+00
3.409673511904761654e+02 8.947014285714317339e+00
3.413145684523809109e+02 8.929999999999999716e+00
3.416617857142857133e+02 8.917028571428588180e+00
3.420090029761904589e+02 8.880000000000000782e+00
3.423562202380952044e+02 8.869999999999999218e+00
3.427034374999999500e+02 8.890000000000000568e+00
3.430506547619047524e+02 8.887057142857207381e+00
3.433978720238094979e+02 8.890000000000000568e+00
3.437450892857142435e+02 8.862928571428522417e+00
3.440923065476190459e+02 8.832921428571429701e+00
3.444395238095237914e+02 8.779999999999999361e+00
3.447867410714285370e+02 8.730000000000000426e+00
3.451339583333332826e+02 8.669999999999999929e+00
3.454811755952380850e+02 8.622892857142891998e+00
3.458283928571428305e+02 8.552885714285658025e+00
3.461756101190475761e+02 8.490000000000000213e+00
3.465228273809523785e+02 8.419999999999999929e+00
3.468700446428571240e+02 8.377135714285728341e+00
3.472172619047618696e+02 8.320000000000000284e+00
3.475644791666666151e+02 8.282849999999919888e+00
3.479116964285714175e+02 8.220000000000000639e+00
3.482589136904761631e+02 8.192835714285651605e+00
3.486061309523809086e+02 8.207171428571442107e+00
3.489533482142857110e+02 8.187178571428594509e+00
3.493005654761904566e+02 8.162814285714206974e+00
3.496477827380952021e+02 8.160000000000000142e+00
3.499949999999999477e+02 8.157200000000061735e+00
3.503422172619047501e+02 8.167207142857156654e+00
3.506894345238094957e+02 8.199999999999999289e+00
3.510366517857142412e+02 8.220000000000000639e+00
3.513838690476190436e+02 8.259999999999999787e+00
3.517310863095237892e+02 8.320000000000000284e+00
3.520783035714285347e+02 8.310000000000000497e+00
3.524255208333332803e+02 8.332749999999872870e+00
3.527727380952380827e+02 8.355485714285721954e+00
3.531199553571428282e+02 8.419999999999999929e+00
3.534671726190475738e+02 8.470000000000000639e+00
3.538143898809523762e+02 8.502721428571415885e+00
3.541616071428571217e+02 8.519999999999999574e+00
3.545088244047618673e+02 8.537292857142933400e+00
3.548560416666666129e+02 8.539999999999999147e+00
3.552032589285714153e+02 8.547307142857182072e+00
3.555504761904761608e+02 8.550000000000000711e+00
3.558976934523809064e+02 8.560000000000000497e+00
3.562449107142857088e+02 8.572671428571434049e+00
3.565921279761904543e+02 8.619999999999999218e+00
3.569393452380951999e+02 8.619999999999999218e+00
3.572865624999999454e+02 8.630000000000000782e+00
3.576337797619047478e+02 8.654714285714373290e+00
3.579809970238094934e+02 8.612635714285719502e+00
3.583282142857142389e+02 8.580000000000000071e+00
3.586754315476190413e+02 8.594757142857261556e+00
3.590226488095237869e+02 8.550000000000000711e+00
3.593698660714285325e+02 8.527392857142899629e+00
3.597170833333332780e+02 8.480000000000000426e+00
3.600643005952380804e+02 8.427407142857168409e+00
3.604115178571428260e+02 8.380000000000000782e+00
3.607587351190475715e+02 8.339999999999999858e+00
3.611059523809523739e+02 8.269999999999999574e+00
3.614531696428571195e+02 8.210000000000000853e+00
3.618003869047618650e+02 8.160000000000000142e+00
3.621476041666666106e+02 8.109999999999999432e+00
3.624948214285714130e+02 8.072542857142847694e+00
3.628420386904761585e+02 8.050000000000000711e+00
3.631892559523809041e+02 8.007471428571502514e+00
3.635364732142857065e+02 7.977478571428596510e+00
3.638836904761904520e+02 7.957485714285772005e+00
3.642309077380951976e+02 7.929999999999999716e+00
3.645781249999999432e+02 7.959999999999999964e+00
3.649253422619047456e+02 8.002492857142783578e+00
3.652725595238094911e+02 8.039999999999999147e+00
3.656197767857142367e+02 8.089999999999999858e+00
3.659669940476190391e+02 8.099999999999999645e+00
3.663142113095237846e+02 8.082464285714245023e+00
3.666614285714285302e+02 8.097542857142929762e+00
3.670086458333332757e+02 8.092449999999894672e+00
3.673558630952380781e+02 8.077557142857116901e+00
3.677030803571428237e+02 8.060000000000000497e+00
3.680502976190475692e+02 8.050000000000000711e+00
3.683975148809523716e+02 8.019999999999999574e+00
3.687447321428571172e+02 8.002414285714262832e+00
3.690919494047618628e+02 7.977592857142913552e+00
3.694391666666666083e+02 7.969999999999999751e+00
3.697863839285714107e+02 7.980000000000000426e+00
3.701336011904761563e+02 7.967614285714357258e+00
3.704808184523809018e+02 7.959999999999999964e+00
3.708280357142857042e+02 7.969999999999999751e+00
3.711752529761904498e+02 7.950000000000000178e+00
3.715224702380951953e+02 7.967642857142895885e+00
3.718696874999999409e+02 7.957650000000071167e+00
3.722169047619047433e+02 7.910000000000000142e+00
3.725641220238094888e+02 7.910000000000000142e+00
3.729113392857142344e+02 7.849999999999999645e+00
3.732585565476190368e+02 7.799999999999999822e+00
3.736057738095237823e+02 7.787685714285703220e+00
3.739529910714285279e+02 7.750000000000000000e+00
3.743002083333333303e+02 7.702299999999945967e+00
3.746474255952380759e+02 7.692292857142852824e+00
3.749946428571428214e+02 7.677714285714323239e+00
3.753418601190475670e+02 7.657721428571498734e+00
3.756890773809523694e+02 7.657728571428592090e+00
3.760362946428571149e+02 7.660000000000000142e+00
3.763835119047618605e+02 7.690000000000000391e+00
3.767307291666666629e+02 7.732250000000045809e+00
3.770779464285714084e+02 7.730000000000000426e+00
3.774251636904761540e+02 7.750000000000000000e+00
3.777723809523808995e+02 7.781085714285925548e+00
3.781195982142857019e+02 7.769999999999999574e+00
3.784668154761904475e+02 7.809999999999999609e+00
3.788140327380951931e+02 7.839999999999999858e+00
3.791612499999999955e+02 7.827800000000019409e+00
3.795084672619047410e+02 7.827807142857195366e+00
3.798556845238094866e+02 7.797814285714288474e+00
3.802029017857142321e+02 7.752178571428471443e+00
3.805501190476190345e+02 7.737828571428639890e+00
3.808973363095237801e+02 7.700000000000000178e+00
3.812445535714285256e+02 7.660000000000000142e+00
3.815917708333333280e+02 7.610000000000000320e+00
3.819389880952380736e+02 7.589999999999999858e+00
3.822862053571428191e+02 7.549999999999999822e+00
3.826334226190475647e+02 7.527871428571528689e+00
3.829806398809523671e+02 7.482121428571459454e+00
3.833278571428571126e+02 7.452114285714219299e+00
3.836750744047618582e+02 7.469999999999999751e+00
3.840222916666666606e+02 7.429999999999999716e+00
3.843695089285714062e+02 7.410000000000000142e+00
3.847167261904761517e+02 7.402085714285663975e+00
3.850639434523808973e+02 7.392078571428488232e+00
3.854111607142856997e+02 7.379999999999999893e+00
3.857583779761904452e+02 7.382064285714219132e+00
3.861055952380951908e+02 7.387942857142873798e+00
3.864528124999999932e+02 7.389999999999999680e+00
3.868000297619047387e+02 7.440000000000000391e+00
3.871472470238094843e+02 7.482035714285681038e+00
3.874944642857142298e+02 7.553914285714482979e+00
3.878416815476190322e+02 7.610000000000000320e+00
3.881888988095237778e+02 7.690000000000000391e+00
3.885361160714285234e+02 7.832007142857061233e+00
3.888833333333333258e+02 7.990000000000000213e+00
3.892305505952380713e+02 8.141992857142874129e+00
3.895777678571428169e+02 8.240000000000000213e+00
3.899249851190475624e+02 8.298021428571558999e+00
3.902722023809523648e+02 8.318028571428571993e+00
3.906194196428571104e+02 8.300000000000000711e+00
3.909666369047618559e+02 8.269999999999999574e+00
3.913138541666666583e+02 8.230000000000000426e+00
3.916610714285714039e+02 8.188057142857189774e+00
3.920082886904761494e+02 8.140000000000000568e+00
3.923555059523808950e+02 8.099999999999999645e+00
3.927027232142856974e+02 8.071921428571380730e+00
3.930499404761904430e+02 8.029999999999999361e+00
3.933971577380951885e+02 7.988092857142905068e+00
3.937443749999999909e+02 7.950000000000000178e+00
3.940915922619047365e+02 7.940000000000000391e+00
3.944388095238094820e+02 7.919999999999999929e+00
3.947860267857142276e+02 7.944364285714574869e+00
3.951332440476190300e+02 7.929999999999999716e+00
3.954804613095237755e+02 7.936271428571424202e+00
3.958276785714285211e+02 7.950000000000000178e+00
3.961748958333333235e+02 7.950000000000000178e+00
3.965221130952380690e+02 7.931842857142843428e+00
3.968693303571428146e+02 7.910000000000000142e+00
3.972165476190475601e+02 7.878171428571507207e+00
3.975637648809523625e+02 7.851821428571398087e+00
3.979109821428571081e+02 7.830000000000000071e+00
3.982581994047618537e+02 7.799999999999999822e+00
3.986054166666666561e+02 7.808199999999963836e+00
3.989526339285714016e+02 7.790000000000000036e+00
3.992998511904761472e+02 7.799999999999999822e+00
3.996470684523808927e+02 7.809999999999999609e+00
3.999942857142856951e+02 7.809999999999999609e+00
4.003415029761904407e+02 7.799999999999999822e+00
4.006887202380951862e+02 7.780000000000000249e+00
4.010359374999999886e+02 7.769999999999999574e+00
4.013831547619047342e+02 7.769999999999999574e+00
4.017303720238094797e+02 7.791735714285702663e+00
4.020775892857142253e+02 7.790000000000000036e+00
4.024248065476190277e+02 7.799999999999999822e+00
4.027720238095237733e+02 7.809999999999999609e+00
4.031192410714285188e+02 7.791707142857082324e+00
4.034664583333333212e+02 7.758300000000010854e+00
4.038136755952380668e+02 7.718307142857186776e+00
4.041608928571428123e+02 7.679999999999999716e+00
4.045081101190475579e+02 7.658321428571538192e+00
4.048553273809523603e+02 7.639999999999999680e+00
4.052025446428571058e+02 7.635007142857380025e+00
4.055497619047618514e+02 7.629999999999999893e+00
4.058969791666666538e+02 7.628349999999993969e+00
4.062441964285713993e+02 7.620000000000000107e+00
4.065914136904761449e+02 7.618364285714345208e+00
4.069386309523808904e+02 7.570000000000000284e+00
4.072858482142856928e+02 7.526757142857229077e+00
4.076330654761904384e+02 7.500000000000000000e+00
4.079802827380951840e+02 7.469999999999999751e+00
4.083274999999999864e+02 7.331599999999954598e+00
4.086747172619047319e+02 7.410000000000000142e+00
4.090219345238094775e+02 7.361585714285672211e+00
4.093691517857142799e+02 7.330000000000000071e+00
4.097163690476190254e+02 7.291571428571402613e+00
4.100635863095237710e+02 7.266871428571544556e+00
4.104108035714285165e+02 7.219999999999999751e+00
4.107580208333333189e+02 7.200000000000000178e+00
4.111052380952380645e+02 7.190000000000000391e+00
4.114524553571428100e+02 7.179999999999999716e+00
4.117996726190476124e+02 7.169999999999999929e+00
4.121468898809523580e+02 7.160000000000000142e+00
4.124941071428571036e+02 7.178485714285755215e+00
4.128413244047618491e+02 7.160000000000000142e+00
4.131885416666666515e+02 7.161499999999975330e+00
4.135357589285713971e+02 7.191492857142800510e+00
4.138829761904761426e+02 7.250000000000000000e+00
4.142301934523809450e+02 7.347042857142774608e+00
4.145774107142856906e+02 7.521471428571366857e+00
4.149246279761904361e+02 7.761464285714179567e+00
4.152718452380951817e+02 8.051457142857087135e+00
4.156190624999999841e+02 8.355650000000022004e+00
4.159662797619047296e+02 8.511442857142817786e+00
4.163134970238094752e+02 8.619999999999999218e+00
4.166607142857142776e+02 8.679999999999999716e+00
4.170079315476190231e+02 8.678578571428626987e+00
4.173551488095237687e+02 8.650000000000000355e+00
4.177023660714285143e+02 8.617185714285932718e+00
4.180495833333333167e+02 8.550000000000000711e+00
4.183968005952380622e+02 8.480000000000000426e+00
4.187440178571428078e+02 8.401385714285659390e+00
4.190912351190476102e+02 8.338621428571434180e+00
4.194384523809523557e+02 8.272742857142779016e+00
4.197856696428571013e+02 8.208635714285787088e+00
4.201328869047618468e+02 8.140000000000000568e+00
4.204801041666666492e+02 8.080000000000000071e+00
4.208273214285713948e+02 8.027314285714437503e+00
4.211745386904761403e+02 7.951335714285594491e+00
4.215217559523809427e+02 7.892657142857165020e+00
4.218689732142856883e+02 7.849999999999999645e+00
4.222161904761904339e+02 7.811314285714231254e+00
4.225634077380951794e+02 7.772614285714111837e+00
4.229106249999999818e+02 7.750000000000000000e+00
4.232578422619047274e+02 7.732585714285574063e+00
4.236050595238094729e+02 7.730000000000000426e+00
4.239522767857142753e+02 7.719999999999999751e+00
4.242994940476190209e+02 7.707457142857315091e+00
4.246467113095237664e+02 7.690000000000000391e+00
4.249939285714285120e+02 7.681257142857073283e+00
4.253411458333333144e+02 7.660000000000000142e+00
4.256883630952380599e+02 7.658757142857195888e+00
4.260355803571428055e+02 7.636292857143113899e+00
4.263827976190476079e+02 7.608771428571465378e+00
4.267300148809523535e+02 7.588778571428558273e+00
4.270772321428570990e+02 7.557571428571612238e+00
4.274244494047618446e+02 7.521207142857008421e+00
4.277716666666666470e+02 7.491199999999996528e+00
4.281188839285713925e+02 7.451192857142821424e+00
4.284661011904761381e+02 7.410000000000000142e+00
4.288133184523809405e+02 7.363535714285657008e+00
4.291605357142856860e+02 7.360000000000000320e+00
4.295077529761904316e+02 7.349999999999999645e+00
4.298549702380951771e+02 7.321157142857107836e+00
4.302021874999999795e+02 7.291149999999941400e+00
4.305494047619047251e+02 7.290000000000000036e+00
4.308966220238094706e+02 7.269999999999999574e+00
4.312438392857142730e+02 7.269999999999999574e+00
4.315910565476190186e+02 7.277757142857212536e+00
4.319382738095237642e+02 7.268885714285781674e+00
4.322854910714285097e+02 7.248892857142957169e+00
4.326327083333333121e+02 7.248900000000050525e+00
4.329799255952380577e+02 7.228907142857144308e+00
4.333271428571428032e+02 7.190000000000000391e+00
4.336743601190476056e+02 7.198921428571495973e+00
4.340215773809523512e+02 7.207857142857178268e+00
4.343687946428570967e+02 7.219999999999999751e+00
4.347160119047618423e+02 7.231057142857060249e+00
4.350632291666666447e+02 7.200000000000000178e+00
4.354104464285713902e+02 7.168957142857209419e+00
4.357576636904761358e+02 7.138964285714384239e+00
4.361048809523809382e+02 7.120000000000000107e+00
4.364520982142856838e+02 7.089999999999999858e+00
4.367993154761904293e+02 7.071014285714171343e+00
4.371465327380951749e+02 7.080000000000000071e+00
4.374937499999999773e+02 7.079000000000016612e+00
4.378409672619047228e+02 7.099007142857191255e+00
4.381881845238094684e+02 7.139999999999999680e+00
4.385354017857142708e+02 7.190000000000000391e+00
4.388826190476190163e+02 7.299999999999999822e+00
4.392298363095237619e+02 7.400964285714270119e+00
4.395770535714285074e+02 7.490000000000000213e+00
4.399242708333333098e+02 7.509050000000081049e+00
4.402714880952380554e+02 7.549999999999999822e+00
4.406187053571428009e+02 7.629064285714350468e+00
4.409659226190476033e+02 7.690928571428556459e+00
4.413131398809523489e+02 7.759999999999999787e+00
4.416603571428570945e+02 7.809999999999999609e+00
4.420075744047618400e+02 7.880907142857029868e+00
4.423547916666666424e+02 7.950900000000018508e+00
4.427020089285713880e+02 7.960892857142767731e+00
4.430492261904761335e+02 7.959999999999999964e+00
4.433964434523809359e+02 7.919999999999999929e+00
4.437436607142856815e+02 7.879999999999999893e+00
4.440908779761904270e+02 7.839999999999999858e+00
4.444380952380952294e+02 7.800857142857128501e+00
4.447853124999999750e+02 7.790849999999953646e+00
4.451325297619047205e+02 7.759999999999999787e+00
4.454797470238094661e+02 7.769164285714315277e+00
4.458269642857142685e+02 7.769999999999999574e+00
4.461741815476190141e+02 7.760821428571333058e+00
4.465213988095237596e+02 7.749185714285760085e+00
4.468686160714285620e+02 7.740807142857145884e+00
4.472158333333333076e+02 7.739200000000029611e+00
4.475630505952380531e+02 7.720792857142795285e+00
4.479102678571427987e+02 7.740000000000000213e+00
4.482574851190476011e+02 7.769999999999999574e+00
4.486047023809523466e+02 7.860000000000000320e+00
4.489519196428570922e+02 7.988471428571637389e+00
4.492991369047618946e+02 8.119242857142918268e+00
4.496463541666666401e+02 8.259999999999999787e+00
4.499935714285713857e+02 8.350742857142812170e+00
4.503407886904761313e+02 8.419999999999999929e+00
4.506880059523809336e+02 8.490000000000000213e+00
4.510352232142856792e+02 8.550000000000000711e+00
4.513824404761904248e+02 8.589999999999999858e+00
4.517296577380952272e+02 8.650707142857180898e+00
4.520768749999999727e+02 8.699999999999999289e+00
4.524240922619047183e+02 8.750000000000000000e+00
4.527713095238094638e+02 8.789999999999999147e+00
4.531185267857142662e+02 8.810000000000000497e+00
4.534657440476190118e+02 8.800000000000000711e+00
4.538129613095237573e+02 8.790664285714209214e+00
4.541601785714285597e+02 8.769342857142884640e+00
4.545073958333333053e+02 8.720649999999940505e+00
4.548546130952380508e+02 8.699999999999999289e+00
4.552018303571427964e+02 8.650000000000000355e+00
4.555490476190475988e+02 8.601257142856990612e+00
4.558962648809523444e+02 8.580621428571401310e+00
4.562434821428570899e+02 8.539999999999999147e+00
4.565906994047618923e+02 8.509999999999999787e+00
4.569379166666666379e+02 8.480000000000000426e+00
4.572851339285713834e+02 8.449999999999999289e+00
4.576323511904761290e+02 8.430585714285605548e+00
4.579795684523809314e+02 8.420578571428594117e+00
4.583267857142856769e+02 8.390571428571343304e+00
4.586740029761904225e+02 8.379435714285838444e+00
4.590212202380952249e+02 8.339999999999999858e+00
4.593684374999999704e+02 8.300000000000000711e+00
4.597156547619047160e+02 8.250000000000000000e+00
4.600628720238094616e+02 8.218928571428753216e+00
4.604100892857142640e+02 8.189999999999999503e+00
4.607573065476190095e+02 8.178435714285935632e+00
4.611045238095237551e+02 8.150000000000000355e+00
4.614517410714285575e+02 8.130000000000000782e+00
4.617989583333333030e+02 8.110499999999909448e+00
4.621461755952380486e+02 8.080492857142816732e+00
4.624933928571427941e+02 8.080000000000000071e+00
4.628406101190475965e+02 8.080478571428546530e+00
4.631878273809523421e+02 8.039999999999999147e+00
4.635350446428570876e+02 8.019999999999999574e+00
4.638822619047618900e+02 8.009085714285793856e+00
4.642294791666666356e+02 7.969999999999999751e+00
4.645766964285713811e+02 7.959999999999999964e+00
4.649239136904761267e+02 7.950435714285576161e+00
4.652711309523809291e+02 7.940000000000000391e+00
4.656183482142856747e+02 7.930421428571388986e+00
4.659655654761904202e+02 7.929171428571573088e+00
4.663127827380952226e+02 7.889999999999999680e+00
4.666599999999999682e+02 7.859600000000056319e+00
4.670072172619047137e+02 7.830000000000000071e+00
4.673544345238094593e+02 7.800385714285675398e+00
4.677016517857142617e+02 7.809999999999999609e+00
4.680488690476190072e+02 7.780000000000000249e+00
4.683960863095237528e+02 7.770364285714229879e+00
4.687433035714285552e+02 7.830000000000000071e+00
4.690905208333333007e+02 7.889999999999999680e+00
4.694377380952380463e+02 7.978628571428855842e+00
4.697849553571427919e+02 8.060000000000000497e+00
4.701321726190475943e+02 8.130328571428517392e+00
4.704793898809523398e+02 8.199999999999999289e+00
4.708266071428570854e+02 8.240628571428336713e+00
4.711738244047618878e+02 8.349999999999999645e+00
4.715210416666666333e+02 8.439999999999999503e+00
4.718682589285713789e+02 8.539999999999999147e+00
4.722154761904761244e+02 8.619999999999999218e+00
4.725626934523809268e+02 8.709721428571466362e+00
4.729099107142856724e+02 8.789999999999999147e+00
4.732571279761904179e+02 8.829735714285817494e+00
4.736043452380952203e+02 8.870257142857170152e+00
4.739515624999999659e+02 8.890000000000000568e+00
4.742987797619047114e+02 8.900242857142739439e+00
4.746459970238094570e+02 8.939999999999999503e+00
4.749932142857142594e+02 8.939999999999999503e+00
4.753404315476190050e+02 8.919999999999999929e+00
4.756876488095237505e+02 8.929785714285799259e+00
4.760348660714285529e+02 8.910000000000000142e+00
4.763820833333332985e+02 8.890000000000000568e+00
4.767293005952380440e+02 8.869807142857162319e+00
4.770765178571427896e+02 8.829814285714418176e+00
4.774237351190475920e+02 8.800178571428487473e+00
4.777709523809523375e+02 8.779828571428605954e+00
4.781181696428570831e+02 8.749835714285781663e+00
4.784653869047618855e+02 8.699999999999999289e+00
4.788126041666666310e+02 8.669850000000051793e+00
4.791598214285713766e+02 8.629857142857227714e+00
4.795070386904761222e+02 8.609999999999999432e+00
4.798542559523809246e+02 8.589999999999999858e+00
4.802014732142856701e+02 8.549878571428671137e+00
4.805486904761904157e+02 8.509999999999999787e+00
4.808959077380952181e+02 8.479785714285718257e+00
4.812431249999999636e+02 8.439900000000033486e+00
4.815903422619047092e+02 8.410000000000000142e+00
4.819375595238095116e+02 8.380000000000000782e+00
4.822847767857142571e+02 8.369764285714436980e+00
4.826319940476190027e+02 8.310071428571346175e+00
4.829792113095237482e+02 8.289999999999999147e+00
4.833264285714285506e+02 8.230000000000000426e+00
4.836736458333332962e+02 8.199999999999999289e+00
4.840208630952380418e+02 8.160000000000000142e+00
4.843680803571428442e+02 8.119999999999999218e+00
4.847152976190475897e+02 8.080000000000000071e+00
4.850625148809523353e+02 8.039999999999999147e+00
4.854097321428570808e+02 8.009985714285813074e+00
4.857569494047618832e+02 7.980007142857093783e+00
4.861041666666666288e+02 7.950000000000000178e+00
