0.000000000000000000e+00 1.000000000000000000e+00
6.257822277847309086e-03 1.000000000000000000e+00
1.251564455569461817e-02 1.000000000000000000e+00
1.877346683354192552e-02 1.000000000000000000e+00
2.503128911138923635e-02 1.000000000000000000e+00
3.128911138923654717e-02 1.000000000000000000e+00
3.754693366708385105e-02 1.000000000000000000e+00
4.380475594493116187e-02 1.000000000000000000e+00
5.006257822277847269e-02 1.000000000000000000e+00
5.632040050062578351e-02 1.000000000000000000e+00
6.257822277847309433e-02 1.000000000000000000e+00
6.883604505632040516e-02 1.000000000000000000e+00
7.509386733416770210e-02 1.000000000000000000e+00
8.135168961201501292e-02 1.000000000000000000e+00
8.760951188986232374e-02 1.000000000000000000e+00
9.386733416770963456e-02 1.000000000000000000e+00
1.001251564455569454e-01 1.000000000000000000e+00
1.063829787234042562e-01 1.000000000000000000e+00
1.126408010012515670e-01 1.000000000000000000e+00
1.188986232790988778e-01 1.000000000000000000e+00
1.251564455569461887e-01 1.000000000000000000e+00
1.314142678347934856e-01 1.000000000000000000e+00
1.376720901126408103e-01 1.000000000000000000e+00
1.439299123904881073e-01 1.000000000000000000e+00
1.501877346683354042e-01 1.000000000000000000e+00
1.564455569461827289e-01 1.000000000000000000e+00
1.627033792240300258e-01 1.000000000000000000e+00
1.689612015018773505e-01 1.000000000000000000e+00
1.752190237797246475e-01 1.000000000000000000e+00
1.814768460575719722e-01 1.000000000000000000e+00
1.877346683354192691e-01 1.000000000000000000e+00
1.939924906132665938e-01 1.000000000000000000e+00
2.002503128911138908e-01 1.000000000000000000e+00
2.065081351689611877e-01 1.000000000000000000e+00
2.127659574468085124e-01 1.000000000000000000e+00
2.190237797246558094e-01 1.000000000000000000e+00
2.252816020025031341e-01 1.000000000000000000e+00
2.315394242803504310e-01 1.000000000000000000e+00
2.377972465581977557e-01 1.000000000000000000e+00
2.440550688360450526e-01 1.000000000000000000e+00
2.503128911138923773e-01 1.000000000000000000e+00
2.565707133917396465e-01 1.000000000000000000e+00
2.628285356695869712e-01 -1.000000000000000000e+00
2.690863579474342959e-01 -1.000000000000000000e+00
2.753441802252816206e-01 -1.000000000000000000e+00
2.816020025031288898e-01 -1.000000000000000000e+00
2.878598247809762145e-01 -1.000000000000000000e+00
2.941176470588235392e-01 -1.000000000000000000e+00
3.003754693366708084e-01 -1.000000000000000000e+00
3.066332916145181331e-01 -1.000000000000000000e+00
3.128911138923654578e-01 -1.000000000000000000e+00
3.191489361702127825e-01 -1.000000000000000000e+00
3.254067584480600517e-01 -1.000000000000000000e+00
3.316645807259073764e-01 -1.000000000000000000e+00
3.379224030037547011e-01 -1.000000000000000000e+00
3.441802252816020258e-01 -1.000000000000000000e+00
3.504380475594492950e-01 -1.000000000000000000e+00
3.566958698372966197e-01 -1.000000000000000000e+00
3.629536921151439444e-01 -1.000000000000000000e+00
3.692115143929912136e-01 -1.000000000000000000e+00
3.754693366708385383e-01 -1.000000000000000000e+00
3.817271589486858629e-01 -1.000000000000000000e+00
3.879849812265331876e-01 -1.000000000000000000e+00
3.942428035043804568e-01 -1.000000000000000000e+00
4.005006257822277815e-01 -1.000000000000000000e+00
4.067584480600751062e-01 -1.000000000000000000e+00
4.130162703379223754e-01 -1.000000000000000000e+00
4.192740926157697001e-01 -1.000000000000000000e+00
4.255319148936170248e-01 -1.000000000000000000e+00
4.317897371714643495e-01 -1.000000000000000000e+00
4.380475594493116187e-01 -1.000000000000000000e+00
4.443053817271589434e-01 -1.000000000000000000e+00
4.505632040050062681e-01 -1.000000000000000000e+00
4.568210262828535373e-01 -1.000000000000000000e+00
4.630788485607008620e-01 -1.000000000000000000e+00
4.693366708385481867e-01 -1.000000000000000000e+00
4.755944931163955114e-01 -1.000000000000000000e+00
4.818523153942427806e-01 -1.000000000000000000e+00
4.881101376720901053e-01 -1.000000000000000000e+00
4.943679599499374300e-01 -1.000000000000000000e+00
5.006257822277847547e-01 -1.000000000000000000e+00
5.068836045056320794e-01 -1.000000000000000000e+00
5.131414267834792931e-01 -1.000000000000000000e+00
5.193992490613266177e-01 -1.000000000000000000e+00
5.256570713391739424e-01 1.000000000000000000e+00
5.319148936170212671e-01 1.000000000000000000e+00
5.381727158948685918e-01 1.000000000000000000e+00
5.444305381727159165e-01 1.000000000000000000e+00
5.506883604505632412e-01 1.000000000000000000e+00
5.569461827284104549e-01 1.000000000000000000e+00
5.632040050062577796e-01 1.000000000000000000e+00
5.694618272841051043e-01 1.000000000000000000e+00
5.757196495619524290e-01 1.000000000000000000e+00
5.819774718397997537e-01 1.000000000000000000e+00
5.882352941176470784e-01 1.000000000000000000e+00
5.944931163954944031e-01 1.000000000000000000e+00
6.007509386733416168e-01 1.000000000000000000e+00
6.070087609511889415e-01 1.000000000000000000e+00
6.132665832290362662e-01 1.000000000000000000e+00
6.195244055068835909e-01 1.000000000000000000e+00
6.257822277847309156e-01 1.000000000000000000e+00
6.320400500625782403e-01 1.000000000000000000e+00
6.382978723404255650e-01 1.000000000000000000e+00
6.445556946182728897e-01 1.000000000000000000e+00
6.508135168961201034e-01 1.000000000000000000e+00
6.570713391739674281e-01 1.000000000000000000e+00
6.633291614518147528e-01 1.000000000000000000e+00
6.695869837296620775e-01 1.000000000000000000e+00
6.758448060075094022e-01 1.000000000000000000e+00
6.821026282853567269e-01 1.000000000000000000e+00
6.883604505632040516e-01 1.000000000000000000e+00
6.946182728410512652e-01 1.000000000000000000e+00
7.008760951188985899e-01 1.000000000000000000e+00
7.071339173967459146e-01 1.000000000000000000e+00
7.133917396745932393e-01 1.000000000000000000e+00
7.196495619524405640e-01 1.000000000000000000e+00
7.259073842302878887e-01 1.000000000000000000e+00
7.321652065081352134e-01 1.000000000000000000e+00
7.384230287859824271e-01 1.000000000000000000e+00
7.446808510638297518e-01 1.000000000000000000e+00
7.509386733416770765e-01 1.000000000000000000e+00
7.571964956195244012e-01 1.000000000000000000e+00
7.634543178973717259e-01 1.000000000000000000e+00
7.697121401752190506e-01 1.000000000000000000e+00
7.759699624530663753e-01 1.000000000000000000e+00
7.822277847309135890e-01 1.000000000000000000e+00
7.884856070087609137e-01 -1.000000000000000000e+00
7.947434292866082384e-01 -1.000000000000000000e+00
8.010012515644555631e-01 -1.000000000000000000e+00
8.072590738423028878e-01 -1.000000000000000000e+00
8.135168961201502125e-01 -1.000000000000000000e+00
8.197747183979975372e-01 -1.000000000000000000e+00
8.260325406758447508e-01 -1.000000000000000000e+00
8.322903629536920755e-01 -1.000000000000000000e+00
8.385481852315394002e-01 -1.000000000000000000e+00
8.448060075093867249e-01 -1.000000000000000000e+00
8.510638297872340496e-01 -1.000000000000000000e+00
8.573216520650813743e-01 -1.000000000000000000e+00
8.635794743429286990e-01 -1.000000000000000000e+00
8.698372966207759127e-01 -1.000000000000000000e+00
8.760951188986232374e-01 -1.000000000000000000e+00
8.823529411764705621e-01 -1.000000000000000000e+00
8.886107634543178868e-01 -1.000000000000000000e+00
8.948685857321652115e-01 -1.000000000000000000e+00
9.011264080100125362e-01 -1.000000000000000000e+00
9.073842302878598609e-01 -1.000000000000000000e+00
9.136420525657070746e-01 -1.000000000000000000e+00
9.198998748435543993e-01 -1.000000000000000000e+00
9.261576971214017240e-01 -1.000000000000000000e+00
9.324155193992490487e-01 -1.000000000000000000e+00
9.386733416770963734e-01 -1.000000000000000000e+00
9.449311639549436981e-01 -1.000000000000000000e+00
9.511889862327910228e-01 -1.000000000000000000e+00
9.574468085106382365e-01 -1.000000000000000000e+00
9.637046307884855612e-01 -1.000000000000000000e+00
9.699624530663328859e-01 -1.000000000000000000e+00
9.762202753441802106e-01 -1.000000000000000000e+00
9.824780976220275353e-01 -1.000000000000000000e+00
9.887359198998748600e-01 -1.000000000000000000e+00
9.949937421777221846e-01 -1.000000000000000000e+00
1.001251564455569509e+00 -1.000000000000000000e+00
1.007509386733416834e+00 -1.000000000000000000e+00
1.013767209011264159e+00 -1.000000000000000000e+00
1.020025031289111483e+00 -1.000000000000000000e+00
1.026282853566958586e+00 -1.000000000000000000e+00
1.032540675844805911e+00 -1.000000000000000000e+00
1.038798498122653235e+00 -1.000000000000000000e+00
1.045056320400500560e+00 -1.000000000000000000e+00
1.051314142678347885e+00 1.000000000000000000e+00
1.057571964956195210e+00 1.000000000000000000e+00
1.063829787234042534e+00 1.000000000000000000e+00
1.070087609511889859e+00 1.000000000000000000e+00
1.076345431789737184e+00 1.000000000000000000e+00
1.082603254067584508e+00 1.000000000000000000e+00
1.088861076345431833e+00 1.000000000000000000e+00
1.095118898623279158e+00 1.000000000000000000e+00
1.101376720901126482e+00 1.000000000000000000e+00
1.107634543178973807e+00 1.000000000000000000e+00
1.113892365456820910e+00 1.000000000000000000e+00
1.120150187734668235e+00 1.000000000000000000e+00
1.126408010012515559e+00 1.000000000000000000e+00
1.132665832290362884e+00 1.000000000000000000e+00
1.138923654568210209e+00 1.000000000000000000e+00
1.145181476846057533e+00 1.000000000000000000e+00
1.151439299123904858e+00 1.000000000000000000e+00
1.157697121401752183e+00 1.000000000000000000e+00
1.163954943679599507e+00 1.000000000000000000e+00
1.170212765957446832e+00 1.000000000000000000e+00
1.176470588235294157e+00 1.000000000000000000e+00
1.182728410513141482e+00 1.000000000000000000e+00
1.188986232790988806e+00 1.000000000000000000e+00
1.195244055068836131e+00 1.000000000000000000e+00
1.201501877346683234e+00 1.000000000000000000e+00
1.207759699624530558e+00 1.000000000000000000e+00
1.214017521902377883e+00 1.000000000000000000e+00
1.220275344180225208e+00 1.000000000000000000e+00
1.226533166458072532e+00 1.000000000000000000e+00
1.232790988735919857e+00 1.000000000000000000e+00
1.239048811013767182e+00 1.000000000000000000e+00
1.245306633291614506e+00 1.000000000000000000e+00
1.251564455569461831e+00 1.000000000000000000e+00
1.257822277847309156e+00 1.000000000000000000e+00
1.264080100125156481e+00 1.000000000000000000e+00
1.270337922403003805e+00 1.000000000000000000e+00
1.276595744680851130e+00 1.000000000000000000e+00
1.282853566958698455e+00 1.000000000000000000e+00
1.289111389236545779e+00 1.000000000000000000e+00
1.295369211514392882e+00 1.000000000000000000e+00
1.301627033792240207e+00 1.000000000000000000e+00
1.307884856070087531e+00 1.000000000000000000e+00
1.314142678347934856e+00 -1.000000000000000000e+00
1.320400500625782181e+00 -1.000000000000000000e+00
1.326658322903629506e+00 -1.000000000000000000e+00
1.332916145181476830e+00 -1.000000000000000000e+00
1.339173967459324155e+00 -1.000000000000000000e+00
1.345431789737171480e+00 -1.000000000000000000e+00
1.351689612015018804e+00 -1.000000000000000000e+00
1.357947434292866129e+00 -1.000000000000000000e+00
1.364205256570713454e+00 -1.000000000000000000e+00
1.370463078848560778e+00 -1.000000000000000000e+00
1.376720901126408103e+00 -1.000000000000000000e+00
1.382978723404255206e+00 -1.000000000000000000e+00
1.389236545682102530e+00 -1.000000000000000000e+00
1.395494367959949855e+00 -1.000000000000000000e+00
1.401752190237797180e+00 -1.000000000000000000e+00
1.408010012515644505e+00 -1.000000000000000000e+00
1.414267834793491829e+00 -1.000000000000000000e+00
1.420525657071339154e+00 -1.000000000000000000e+00
1.426783479349186479e+00 -1.000000000000000000e+00
1.433041301627033803e+00 -1.000000000000000000e+00
1.439299123904881128e+00 -1.000000000000000000e+00
1.445556946182728453e+00 -1.000000000000000000e+00
1.451814768460575777e+00 -1.000000000000000000e+00
1.458072590738423102e+00 -1.000000000000000000e+00
1.464330413016270427e+00 -1.000000000000000000e+00
1.470588235294117530e+00 -1.000000000000000000e+00
1.476846057571964854e+00 -1.000000000000000000e+00
1.483103879849812179e+00 -1.000000000000000000e+00
1.489361702127659504e+00 -1.000000000000000000e+00
1.495619524405506828e+00 -1.000000000000000000e+00
1.501877346683354153e+00 -1.000000000000000000e+00
1.508135168961201478e+00 -1.000000000000000000e+00
1.514392991239048802e+00 -1.000000000000000000e+00
1.520650813516896127e+00 -1.000000000000000000e+00
1.526908635794743452e+00 -1.000000000000000000e+00
1.533166458072590776e+00 -1.000000000000000000e+00
1.539424280350438101e+00 -1.000000000000000000e+00
1.545682102628285426e+00 -1.000000000000000000e+00
1.551939924906132751e+00 -1.000000000000000000e+00
1.558197747183979853e+00 -1.000000000000000000e+00
1.564455569461827178e+00 -1.000000000000000000e+00
1.570713391739674503e+00 -1.000000000000000000e+00
1.576971214017521827e+00 1.000000000000000000e+00
1.583229036295369152e+00 1.000000000000000000e+00
1.589486858573216477e+00 1.000000000000000000e+00
1.595744680851063801e+00 1.000000000000000000e+00
1.602002503128911126e+00 1.000000000000000000e+00
1.608260325406758451e+00 1.000000000000000000e+00
1.614518147684605776e+00 1.000000000000000000e+00
1.620775969962453100e+00 1.000000000000000000e+00
1.627033792240300425e+00 1.000000000000000000e+00
1.633291614518147750e+00 1.000000000000000000e+00
1.639549436795995074e+00 1.000000000000000000e+00
1.645807259073842399e+00 1.000000000000000000e+00
1.652065081351689502e+00 1.000000000000000000e+00
1.658322903629536826e+00 1.000000000000000000e+00
1.664580725907384151e+00 1.000000000000000000e+00
1.670838548185231476e+00 1.000000000000000000e+00
1.677096370463078800e+00 1.000000000000000000e+00
1.683354192740926125e+00 1.000000000000000000e+00
1.689612015018773450e+00 1.000000000000000000e+00
1.695869837296620775e+00 1.000000000000000000e+00
1.702127659574468099e+00 1.000000000000000000e+00
1.708385481852315424e+00 1.000000000000000000e+00
1.714643304130162749e+00 1.000000000000000000e+00
1.720901126408010073e+00 1.000000000000000000e+00
1.727158948685857398e+00 1.000000000000000000e+00
1.733416770963704723e+00 1.000000000000000000e+00
1.739674593241551825e+00 1.000000000000000000e+00
1.745932415519399150e+00 1.000000000000000000e+00
1.752190237797246475e+00 1.000000000000000000e+00
1.758448060075093800e+00 1.000000000000000000e+00
1.764705882352941124e+00 1.000000000000000000e+00
1.770963704630788449e+00 1.000000000000000000e+00
1.777221526908635774e+00 1.000000000000000000e+00
1.783479349186483098e+00 1.000000000000000000e+00
1.789737171464330423e+00 1.000000000000000000e+00
1.795994993742177748e+00 1.000000000000000000e+00
1.802252816020025072e+00 1.000000000000000000e+00
1.808510638297872397e+00 1.000000000000000000e+00
1.814768460575719722e+00 1.000000000000000000e+00
1.821026282853567047e+00 1.000000000000000000e+00
1.827284105131414149e+00 1.000000000000000000e+00
1.833541927409261474e+00 -1.000000000000000000e+00
1.839799749687108799e+00 -1.000000000000000000e+00
1.846057571964956123e+00 -1.000000000000000000e+00
1.852315394242803448e+00 -1.000000000000000000e+00
1.858573216520650773e+00 -1.000000000000000000e+00
1.864831038798498097e+00 -1.000000000000000000e+00
1.871088861076345422e+00 -1.000000000000000000e+00
1.877346683354192747e+00 -1.000000000000000000e+00
1.883604505632040071e+00 -1.000000000000000000e+00
1.889862327909887396e+00 -1.000000000000000000e+00
1.896120150187734721e+00 -1.000000000000000000e+00
1.902377972465582046e+00 -1.000000000000000000e+00
1.908635794743429370e+00 -1.000000000000000000e+00
1.914893617021276473e+00 -1.000000000000000000e+00
1.921151439299123798e+00 -1.000000000000000000e+00
1.927409261576971122e+00 -1.000000000000000000e+00
1.933667083854818447e+00 -1.000000000000000000e+00
1.939924906132665772e+00 -1.000000000000000000e+00
1.946182728410513096e+00 -1.000000000000000000e+00
1.952440550688360421e+00 -1.000000000000000000e+00
1.958698372966207746e+00 -1.000000000000000000e+00
1.964956195244055071e+00 -1.000000000000000000e+00
1.971214017521902395e+00 -1.000000000000000000e+00
1.977471839799749720e+00 -1.000000000000000000e+00
1.983729662077597045e+00 -1.000000000000000000e+00
1.989987484355444369e+00 -1.000000000000000000e+00
1.996245306633291694e+00 -1.000000000000000000e+00
2.002503128911139019e+00 -1.000000000000000000e+00
2.008760951188986343e+00 -1.000000000000000000e+00
2.015018773466833668e+00 -1.000000000000000000e+00
2.021276595744680993e+00 -1.000000000000000000e+00
2.027534418022528317e+00 -1.000000000000000000e+00
2.033792240300375642e+00 -1.000000000000000000e+00
2.040050062578222967e+00 -1.000000000000000000e+00
2.046307884856070292e+00 -1.000000000000000000e+00
2.052565707133917172e+00 -1.000000000000000000e+00
2.058823529411764497e+00 -1.000000000000000000e+00
2.065081351689611822e+00 -1.000000000000000000e+00
2.071339173967459146e+00 -1.000000000000000000e+00
2.077596996245306471e+00 -1.000000000000000000e+00
2.083854818523153796e+00 -1.000000000000000000e+00
2.090112640801001120e+00 -1.000000000000000000e+00
2.096370463078848445e+00 1.000000000000000000e+00
2.102628285356695770e+00 1.000000000000000000e+00
2.108886107634543094e+00 1.000000000000000000e+00
2.115143929912390419e+00 1.000000000000000000e+00
2.121401752190237744e+00 1.000000000000000000e+00
2.127659574468085069e+00 1.000000000000000000e+00
2.133917396745932393e+00 1.000000000000000000e+00
2.140175219023779718e+00 1.000000000000000000e+00
2.146433041301627043e+00 1.000000000000000000e+00
2.152690863579474367e+00 1.000000000000000000e+00
2.158948685857321692e+00 1.000000000000000000e+00
2.165206508135169017e+00 1.000000000000000000e+00
2.171464330413016341e+00 1.000000000000000000e+00
2.177722152690863666e+00 1.000000000000000000e+00
2.183979974968710991e+00 1.000000000000000000e+00
2.190237797246558316e+00 1.000000000000000000e+00
2.196495619524405640e+00 1.000000000000000000e+00
2.202753441802252965e+00 1.000000000000000000e+00
2.209011264080100290e+00 1.000000000000000000e+00
2.215269086357947614e+00 1.000000000000000000e+00
2.221526908635794939e+00 1.000000000000000000e+00
2.227784730913641820e+00 1.000000000000000000e+00
2.234042553191489144e+00 1.000000000000000000e+00
2.240300375469336469e+00 1.000000000000000000e+00
2.246558197747183794e+00 1.000000000000000000e+00
2.252816020025031118e+00 1.000000000000000000e+00
2.259073842302878443e+00 1.000000000000000000e+00
2.265331664580725768e+00 1.000000000000000000e+00
2.271589486858573093e+00 1.000000000000000000e+00
2.277847309136420417e+00 1.000000000000000000e+00
2.284105131414267742e+00 1.000000000000000000e+00
2.290362953692115067e+00 1.000000000000000000e+00
2.296620775969962391e+00 1.000000000000000000e+00
2.302878598247809716e+00 1.000000000000000000e+00
2.309136420525657041e+00 1.000000000000000000e+00
2.315394242803504365e+00 1.000000000000000000e+00
2.321652065081351690e+00 1.000000000000000000e+00
2.327909887359199015e+00 1.000000000000000000e+00
2.334167709637046340e+00 1.000000000000000000e+00
2.340425531914893664e+00 1.000000000000000000e+00
2.346683354192740989e+00 1.000000000000000000e+00
2.352941176470588314e+00 1.000000000000000000e+00
2.359198998748435638e+00 -1.000000000000000000e+00
2.365456821026282963e+00 -1.000000000000000000e+00
2.371714643304130288e+00 -1.000000000000000000e+00
2.377972465581977612e+00 -1.000000000000000000e+00
2.384230287859824937e+00 -1.000000000000000000e+00
2.390488110137672262e+00 -1.000000000000000000e+00
2.396745932415519587e+00 -1.000000000000000000e+00
2.403003754693366467e+00 -1.000000000000000000e+00
2.409261576971213792e+00 -1.000000000000000000e+00
2.415519399249061117e+00 -1.000000000000000000e+00
2.421777221526908441e+00 -1.000000000000000000e+00
2.428035043804755766e+00 -1.000000000000000000e+00
2.434292866082603091e+00 -1.000000000000000000e+00
2.440550688360450415e+00 -1.000000000000000000e+00
2.446808510638297740e+00 -1.000000000000000000e+00
2.453066332916145065e+00 -1.000000000000000000e+00
2.459324155193992389e+00 -1.000000000000000000e+00
2.465581977471839714e+00 -1.000000000000000000e+00
2.471839799749687039e+00 -1.000000000000000000e+00
2.478097622027534364e+00 -1.000000000000000000e+00
2.484355444305381688e+00 -1.000000000000000000e+00
2.490613266583229013e+00 -1.000000000000000000e+00
2.496871088861076338e+00 -1.000000000000000000e+00
2.503128911138923662e+00 -1.000000000000000000e+00
2.509386733416770987e+00 -1.000000000000000000e+00
2.515644555694618312e+00 -1.000000000000000000e+00
2.521902377972465636e+00 -1.000000000000000000e+00
2.528160200250312961e+00 -1.000000000000000000e+00
2.534418022528160286e+00 -1.000000000000000000e+00
2.540675844806007611e+00 -1.000000000000000000e+00
2.546933667083854935e+00 -1.000000000000000000e+00
2.553191489361702260e+00 -1.000000000000000000e+00
2.559449311639549585e+00 -1.000000000000000000e+00
2.565707133917396909e+00 -1.000000000000000000e+00
2.571964956195244234e+00 -1.000000000000000000e+00
2.578222778473091559e+00 -1.000000000000000000e+00
2.584480600750938439e+00 -1.000000000000000000e+00
2.590738423028785764e+00 -1.000000000000000000e+00
2.596996245306633089e+00 -1.000000000000000000e+00
2.603254067584480413e+00 -1.000000000000000000e+00
2.609511889862327738e+00 -1.000000000000000000e+00
2.615769712140175063e+00 -1.000000000000000000e+00
2.622027534418022388e+00 1.000000000000000000e+00
2.628285356695869712e+00 1.000000000000000000e+00
2.634543178973717037e+00 1.000000000000000000e+00
2.640801001251564362e+00 1.000000000000000000e+00
2.647058823529411686e+00 1.000000000000000000e+00
2.653316645807259011e+00 1.000000000000000000e+00
2.659574468085106336e+00 1.000000000000000000e+00
2.665832290362953660e+00 1.000000000000000000e+00
2.672090112640800985e+00 1.000000000000000000e+00
2.678347934918648310e+00 1.000000000000000000e+00
2.684605757196495635e+00 1.000000000000000000e+00
2.690863579474342959e+00 1.000000000000000000e+00
2.697121401752190284e+00 1.000000000000000000e+00
2.703379224030037609e+00 1.000000000000000000e+00
2.709637046307884933e+00 1.000000000000000000e+00
2.715894868585732258e+00 1.000000000000000000e+00
2.722152690863579583e+00 1.000000000000000000e+00
2.728410513141426907e+00 1.000000000000000000e+00
2.734668335419274232e+00 1.000000000000000000e+00
2.740926157697121557e+00 1.000000000000000000e+00
2.747183979974968882e+00 1.000000000000000000e+00
2.753441802252816206e+00 1.000000000000000000e+00
2.759699624530663087e+00 1.000000000000000000e+00
2.765957446808510412e+00 1.000000000000000000e+00
2.772215269086357736e+00 1.000000000000000000e+00
2.778473091364205061e+00 1.000000000000000000e+00
2.784730913642052386e+00 1.000000000000000000e+00
2.790988735919899710e+00 1.000000000000000000e+00
2.797246558197747035e+00 1.000000000000000000e+00
2.803504380475594360e+00 1.000000000000000000e+00
2.809762202753441684e+00 1.000000000000000000e+00
2.816020025031289009e+00 1.000000000000000000e+00
2.822277847309136334e+00 1.000000000000000000e+00
2.828535669586983659e+00 1.000000000000000000e+00
2.834793491864830983e+00 1.000000000000000000e+00
2.841051314142678308e+00 1.000000000000000000e+00
2.847309136420525633e+00 1.000000000000000000e+00
2.853566958698372957e+00 1.000000000000000000e+00
2.859824780976220282e+00 1.000000000000000000e+00
2.866082603254067607e+00 1.000000000000000000e+00
2.872340425531914931e+00 1.000000000000000000e+00
2.878598247809762256e+00 1.000000000000000000e+00
2.884856070087609581e+00 -1.000000000000000000e+00
2.891113892365456906e+00 -1.000000000000000000e+00
2.897371714643304230e+00 -1.000000000000000000e+00
2.903629536921151555e+00 -1.000000000000000000e+00
2.909887359198998880e+00 -1.000000000000000000e+00
2.916145181476846204e+00 -1.000000000000000000e+00
2.922403003754693529e+00 -1.000000000000000000e+00
2.928660826032540854e+00 -1.000000000000000000e+00
2.934918648310388178e+00 -1.000000000000000000e+00
2.941176470588235059e+00 -1.000000000000000000e+00
2.947434292866082384e+00 -1.000000000000000000e+00
2.953692115143929708e+00 -1.000000000000000000e+00
2.959949937421777033e+00 -1.000000000000000000e+00
2.966207759699624358e+00 -1.000000000000000000e+00
2.972465581977471683e+00 -1.000000000000000000e+00
2.978723404255319007e+00 -1.000000000000000000e+00
2.984981226533166332e+00 -1.000000000000000000e+00
2.991239048811013657e+00 -1.000000000000000000e+00
2.997496871088860981e+00 -1.000000000000000000e+00
3.003754693366708306e+00 -1.000000000000000000e+00
3.010012515644555631e+00 -1.000000000000000000e+00
3.016270337922402955e+00 -1.000000000000000000e+00
3.022528160200250280e+00 -1.000000000000000000e+00
3.028785982478097605e+00 -1.000000000000000000e+00
3.035043804755944929e+00 -1.000000000000000000e+00
3.041301627033792254e+00 -1.000000000000000000e+00
3.047559449311639579e+00 -1.000000000000000000e+00
3.053817271589486904e+00 -1.000000000000000000e+00
3.060075093867334228e+00 -1.000000000000000000e+00
3.066332916145181553e+00 -1.000000000000000000e+00
3.072590738423028878e+00 -1.000000000000000000e+00
3.078848560700876202e+00 -1.000000000000000000e+00
3.085106382978723527e+00 -1.000000000000000000e+00
3.091364205256570852e+00 -1.000000000000000000e+00
3.097622027534418176e+00 -1.000000000000000000e+00
3.103879849812265501e+00 -1.000000000000000000e+00
3.110137672090112826e+00 -1.000000000000000000e+00
3.116395494367959706e+00 -1.000000000000000000e+00
3.122653316645807031e+00 -1.000000000000000000e+00
3.128911138923654356e+00 -1.000000000000000000e+00
3.135168961201501681e+00 -1.000000000000000000e+00
3.141426783479349005e+00 -1.000000000000000000e+00
3.147684605757196330e+00 1.000000000000000000e+00
3.153942428035043655e+00 1.000000000000000000e+00
3.160200250312890979e+00 1.000000000000000000e+00
3.166458072590738304e+00 1.000000000000000000e+00
3.172715894868585629e+00 1.000000000000000000e+00
3.178973717146432953e+00 1.000000000000000000e+00
3.185231539424280278e+00 1.000000000000000000e+00
3.191489361702127603e+00 1.000000000000000000e+00
3.197747183979974928e+00 1.000000000000000000e+00
3.204005006257822252e+00 1.000000000000000000e+00
3.210262828535669577e+00 1.000000000000000000e+00
3.216520650813516902e+00 1.000000000000000000e+00
3.222778473091364226e+00 1.000000000000000000e+00
3.229036295369211551e+00 1.000000000000000000e+00
3.235294117647058876e+00 1.000000000000000000e+00
3.241551939924906200e+00 1.000000000000000000e+00
3.247809762202753525e+00 1.000000000000000000e+00
3.254067584480600850e+00 1.000000000000000000e+00
3.260325406758448175e+00 1.000000000000000000e+00
3.266583229036295499e+00 1.000000000000000000e+00
3.272841051314142824e+00 1.000000000000000000e+00
3.279098873591990149e+00 1.000000000000000000e+00
3.285356695869837473e+00 1.000000000000000000e+00
3.291614518147684798e+00 1.000000000000000000e+00
3.297872340425531679e+00 1.000000000000000000e+00
3.304130162703379003e+00 1.000000000000000000e+00
3.310387984981226328e+00 1.000000000000000000e+00
3.316645807259073653e+00 1.000000000000000000e+00
3.322903629536920977e+00 1.000000000000000000e+00
3.329161451814768302e+00 1.000000000000000000e+00
3.335419274092615627e+00 1.000000000000000000e+00
3.341677096370462952e+00 1.000000000000000000e+00
3.347934918648310276e+00 1.000000000000000000e+00
3.354192740926157601e+00 1.000000000000000000e+00
3.360450563204004926e+00 1.000000000000000000e+00
3.366708385481852250e+00 1.000000000000000000e+00
3.372966207759699575e+00 1.000000000000000000e+00
3.379224030037546900e+00 1.000000000000000000e+00
3.385481852315394224e+00 1.000000000000000000e+00
3.391739674593241549e+00 1.000000000000000000e+00
3.397997496871088874e+00 1.000000000000000000e+00
3.404255319148936199e+00 -1.000000000000000000e+00
3.410513141426783523e+00 -1.000000000000000000e+00
3.416770963704630848e+00 -1.000000000000000000e+00
3.423028785982478173e+00 -1.000000000000000000e+00
3.429286608260325497e+00 -1.000000000000000000e+00
3.435544430538172822e+00 -1.000000000000000000e+00
3.441802252816020147e+00 -1.000000000000000000e+00
3.448060075093867471e+00 -1.000000000000000000e+00
3.454317897371714796e+00 -1.000000000000000000e+00
3.460575719649562121e+00 -1.000000000000000000e+00
3.466833541927409446e+00 -1.000000000000000000e+00
3.473091364205256326e+00 -1.000000000000000000e+00
3.479349186483103651e+00 -1.000000000000000000e+00
3.485607008760950976e+00 -1.000000000000000000e+00
3.491864831038798300e+00 -1.000000000000000000e+00
3.498122653316645625e+00 -1.000000000000000000e+00
3.504380475594492950e+00 -1.000000000000000000e+00
3.510638297872340274e+00 -1.000000000000000000e+00
3.516896120150187599e+00 -1.000000000000000000e+00
3.523153942428034924e+00 -1.000000000000000000e+00
3.529411764705882248e+00 -1.000000000000000000e+00
3.535669586983729573e+00 -1.000000000000000000e+00
3.541927409261576898e+00 -1.000000000000000000e+00
3.548185231539424223e+00 -1.000000000000000000e+00
3.554443053817271547e+00 -1.000000000000000000e+00
3.560700876095118872e+00 -1.000000000000000000e+00
3.566958698372966197e+00 -1.000000000000000000e+00
3.573216520650813521e+00 -1.000000000000000000e+00
3.579474342928660846e+00 -1.000000000000000000e+00
3.585732165206508171e+00 -1.000000000000000000e+00
3.591989987484355495e+00 -1.000000000000000000e+00
3.598247809762202820e+00 -1.000000000000000000e+00
3.604505632040050145e+00 -1.000000000000000000e+00
3.610763454317897470e+00 -1.000000000000000000e+00
3.617021276595744794e+00 -1.000000000000000000e+00
3.623279098873592119e+00 -1.000000000000000000e+00
3.629536921151439444e+00 -1.000000000000000000e+00
3.635794743429286768e+00 -1.000000000000000000e+00
3.642052565707134093e+00 -1.000000000000000000e+00
3.648310387984981418e+00 -1.000000000000000000e+00
3.654568210262828298e+00 -1.000000000000000000e+00
3.660826032540675623e+00 -1.000000000000000000e+00
3.667083854818522948e+00 1.000000000000000000e+00
3.673341677096370272e+00 1.000000000000000000e+00
3.679599499374217597e+00 1.000000000000000000e+00
3.685857321652064922e+00 1.000000000000000000e+00
3.692115143929912247e+00 1.000000000000000000e+00
3.698372966207759571e+00 1.000000000000000000e+00
3.704630788485606896e+00 1.000000000000000000e+00
3.710888610763454221e+00 1.000000000000000000e+00
3.717146433041301545e+00 1.000000000000000000e+00
3.723404255319148870e+00 1.000000000000000000e+00
3.729662077596996195e+00 1.000000000000000000e+00
3.735919899874843519e+00 1.000000000000000000e+00
3.742177722152690844e+00 1.000000000000000000e+00
3.748435544430538169e+00 1.000000000000000000e+00
3.754693366708385494e+00 1.000000000000000000e+00
3.760951188986232818e+00 1.000000000000000000e+00
3.767209011264080143e+00 1.000000000000000000e+00
3.773466833541927468e+00 1.000000000000000000e+00
3.779724655819774792e+00 1.000000000000000000e+00
3.785982478097622117e+00 1.000000000000000000e+00
3.792240300375469442e+00 1.000000000000000000e+00
3.798498122653316766e+00 1.000000000000000000e+00
3.804755944931164091e+00 1.000000000000000000e+00
3.811013767209011416e+00 1.000000000000000000e+00
3.817271589486858741e+00 1.000000000000000000e+00
3.823529411764706065e+00 1.000000000000000000e+00
3.829787234042552946e+00 1.000000000000000000e+00
3.836045056320400271e+00 1.000000000000000000e+00
3.842302878598247595e+00 1.000000000000000000e+00
3.848560700876094920e+00 1.000000000000000000e+00
3.854818523153942245e+00 1.000000000000000000e+00
3.861076345431789569e+00 1.000000000000000000e+00
3.867334167709636894e+00 1.000000000000000000e+00
3.873591989987484219e+00 1.000000000000000000e+00
3.879849812265331543e+00 1.000000000000000000e+00
3.886107634543178868e+00 1.000000000000000000e+00
3.892365456821026193e+00 1.000000000000000000e+00
3.898623279098873518e+00 1.000000000000000000e+00
3.904881101376720842e+00 1.000000000000000000e+00
3.911138923654568167e+00 1.000000000000000000e+00
3.917396745932415492e+00 1.000000000000000000e+00
3.923654568210262816e+00 1.000000000000000000e+00
3.929912390488110141e+00 -1.000000000000000000e+00
3.936170212765957466e+00 -1.000000000000000000e+00
3.942428035043804790e+00 -1.000000000000000000e+00
3.948685857321652115e+00 -1.000000000000000000e+00
3.954943679599499440e+00 -1.000000000000000000e+00
3.961201501877346765e+00 -1.000000000000000000e+00
3.967459324155194089e+00 -1.000000000000000000e+00
3.973717146433041414e+00 -1.000000000000000000e+00
3.979974968710888739e+00 -1.000000000000000000e+00
3.986232790988736063e+00 -1.000000000000000000e+00
3.992490613266583388e+00 -1.000000000000000000e+00
3.998748435544430713e+00 -1.000000000000000000e+00
4.005006257822278037e+00 -1.000000000000000000e+00
4.011264080100125362e+00 -1.000000000000000000e+00
4.017521902377972687e+00 -1.000000000000000000e+00
4.023779724655820011e+00 -1.000000000000000000e+00
4.030037546933667336e+00 -1.000000000000000000e+00
4.036295369211514661e+00 -1.000000000000000000e+00
4.042553191489361986e+00 -1.000000000000000000e+00
4.048811013767209310e+00 -1.000000000000000000e+00
4.055068836045056635e+00 -1.000000000000000000e+00
4.061326658322903960e+00 -1.000000000000000000e+00
4.067584480600751284e+00 -1.000000000000000000e+00
4.073842302878598609e+00 -1.000000000000000000e+00
4.080100125156445934e+00 -1.000000000000000000e+00
4.086357947434293258e+00 -1.000000000000000000e+00
4.092615769712140583e+00 -1.000000000000000000e+00
4.098873591989987020e+00 -1.000000000000000000e+00
4.105131414267834344e+00 -1.000000000000000000e+00
4.111389236545681669e+00 -1.000000000000000000e+00
4.117647058823528994e+00 -1.000000000000000000e+00
4.123904881101376318e+00 -1.000000000000000000e+00
4.130162703379223643e+00 -1.000000000000000000e+00
4.136420525657070968e+00 -1.000000000000000000e+00
4.142678347934918293e+00 -1.000000000000000000e+00
4.148936170212765617e+00 -1.000000000000000000e+00
4.155193992490612942e+00 -1.000000000000000000e+00
4.161451814768460267e+00 -1.000000000000000000e+00
4.167709637046307591e+00 -1.000000000000000000e+00
4.173967459324154916e+00 -1.000000000000000000e+00
4.180225281602002241e+00 -1.000000000000000000e+00
4.186483103879849565e+00 -1.000000000000000000e+00
4.192740926157696890e+00 1.000000000000000000e+00
4.198998748435544215e+00 1.000000000000000000e+00
4.205256570713391540e+00 1.000000000000000000e+00
4.211514392991238864e+00 1.000000000000000000e+00
4.217772215269086189e+00 1.000000000000000000e+00
4.224030037546933514e+00 1.000000000000000000e+00
4.230287859824780838e+00 1.000000000000000000e+00
4.236545682102628163e+00 1.000000000000000000e+00
4.242803504380475488e+00 1.000000000000000000e+00
4.249061326658322812e+00 1.000000000000000000e+00
4.255319148936170137e+00 1.000000000000000000e+00
4.261576971214017462e+00 1.000000000000000000e+00
4.267834793491864787e+00 1.000000000000000000e+00
4.274092615769712111e+00 1.000000000000000000e+00
4.280350438047559436e+00 1.000000000000000000e+00
4.286608260325406761e+00 1.000000000000000000e+00
4.292866082603254085e+00 1.000000000000000000e+00
4.299123904881101410e+00 1.000000000000000000e+00
4.305381727158948735e+00 1.000000000000000000e+00
4.311639549436796059e+00 1.000000000000000000e+00
4.317897371714643384e+00 1.000000000000000000e+00
4.324155193992490709e+00 1.000000000000000000e+00
4.330413016270338034e+00 1.000000000000000000e+00
4.336670838548185358e+00 1.000000000000000000e+00
4.342928660826032683e+00 1.000000000000000000e+00
4.349186483103880008e+00 1.000000000000000000e+00
4.355444305381727332e+00 1.000000000000000000e+00
4.361702127659574657e+00 1.000000000000000000e+00
4.367959949937421982e+00 1.000000000000000000e+00
4.374217772215269306e+00 1.000000000000000000e+00
4.380475594493116631e+00 1.000000000000000000e+00
4.386733416770963956e+00 1.000000000000000000e+00
4.392991239048811281e+00 1.000000000000000000e+00
4.399249061326658605e+00 1.000000000000000000e+00
4.405506883604505930e+00 1.000000000000000000e+00
4.411764705882353255e+00 1.000000000000000000e+00
4.418022528160200579e+00 1.000000000000000000e+00
4.424280350438047904e+00 1.000000000000000000e+00
4.430538172715895229e+00 1.000000000000000000e+00
4.436795994993742553e+00 1.000000000000000000e+00
4.443053817271589878e+00 1.000000000000000000e+00
4.449311639549437203e+00 1.000000000000000000e+00
4.455569461827283639e+00 -1.000000000000000000e+00
4.461827284105130964e+00 -1.000000000000000000e+00
4.468085106382978289e+00 -1.000000000000000000e+00
4.474342928660825613e+00 -1.000000000000000000e+00
4.480600750938672938e+00 -1.000000000000000000e+00
4.486858573216520263e+00 -1.000000000000000000e+00
4.493116395494367588e+00 -1.000000000000000000e+00
4.499374217772214912e+00 -1.000000000000000000e+00
4.505632040050062237e+00 -1.000000000000000000e+00
4.511889862327909562e+00 -1.000000000000000000e+00
4.518147684605756886e+00 -1.000000000000000000e+00
4.524405506883604211e+00 -1.000000000000000000e+00
4.530663329161451536e+00 -1.000000000000000000e+00
4.536921151439298860e+00 -1.000000000000000000e+00
4.543178973717146185e+00 -1.000000000000000000e+00
4.549436795994993510e+00 -1.000000000000000000e+00
4.555694618272840835e+00 -1.000000000000000000e+00
4.561952440550688159e+00 -1.000000000000000000e+00
4.568210262828535484e+00 -1.000000000000000000e+00
4.574468085106382809e+00 -1.000000000000000000e+00
4.580725907384230133e+00 -1.000000000000000000e+00
4.586983729662077458e+00 -1.000000000000000000e+00
4.593241551939924783e+00 -1.000000000000000000e+00
4.599499374217772107e+00 -1.000000000000000000e+00
4.605757196495619432e+00 -1.000000000000000000e+00
4.612015018773466757e+00 -1.000000000000000000e+00
4.618272841051314082e+00 -1.000000000000000000e+00
4.624530663329161406e+00 -1.000000000000000000e+00
4.630788485607008731e+00 -1.000000000000000000e+00
4.637046307884856056e+00 -1.000000000000000000e+00
4.643304130162703380e+00 -1.000000000000000000e+00
4.649561952440550705e+00 -1.000000000000000000e+00
4.655819774718398030e+00 -1.000000000000000000e+00
4.662077596996245354e+00 -1.000000000000000000e+00
4.668335419274092679e+00 -1.000000000000000000e+00
4.674593241551940004e+00 -1.000000000000000000e+00
4.680851063829787329e+00 -1.000000000000000000e+00
4.687108886107634653e+00 -1.000000000000000000e+00
4.693366708385481978e+00 -1.000000000000000000e+00
4.699624530663329303e+00 -1.000000000000000000e+00
4.705882352941176627e+00 -1.000000000000000000e+00
