0.000000000000000000e+00 -5.000000000000000000e-01
6.944444444444444059e-03 -5.000000000000000000e-01
1.388888888888888812e-02 -4.899999999999999911e-01
2.083333333333333218e-02 -4.899999999999999911e-01
2.777777777777777624e-02 -4.799999999999999822e-01
3.472222222222222376e-02 -4.699999999999999734e-01
4.166666666666666435e-02 -4.500000000000000111e-01
4.861111111111110494e-02 -4.299999999999999933e-01
5.555555555555555247e-02 -4.099999999999999756e-01
6.250000000000000000e-02 -3.800000000000000044e-01
6.944444444444444753e-02 -3.400000000000000244e-01
7.638888888888889506e-02 -3.099999999999999978e-01
8.333333333333332871e-02 -2.700000000000000178e-01
9.027777777777777624e-02 -2.200000000000000011e-01
9.722222222222220989e-02 -1.700000000000000122e-01
1.041666666666666574e-01 -1.100000000000000006e-01
1.111111111111111049e-01 -5.000000000000000278e-02
1.180555555555555525e-01 2.999999999999999889e-02
1.250000000000000000e-01 1.199999999999999956e-01
1.319444444444444475e-01 2.399999999999999911e-01
1.388888888888888951e-01 3.599999999999999867e-01
1.458333333333333426e-01 5.100000000000000089e-01
1.527777777777777901e-01 6.600000000000000311e-01
1.597222222222222099e-01 8.100000000000000533e-01
1.666666666666666574e-01 9.499999999999999556e-01
1.736111111111111049e-01 1.080000000000000071e+00
1.805555555555555525e-01 1.189999999999999947e+00
1.875000000000000000e-01 1.260000000000000009e+00
1.944444444444444198e-01 1.310000000000000053e+00
2.013888888888888951e-01 1.320000000000000062e+00
2.083333333333333426e-01 1.310000000000000053e+00
2.152777777777777901e-01 1.290000000000000036e+00
2.222222222222222376e-01 1.250000000000000000e+00
2.291666666666666852e-01 1.199999999999999956e+00
2.361111111111111049e-01 1.159999999999999920e+00
2.430555555555555802e-01 1.120000000000000107e+00
2.500000000000000000e-01 1.080000000000000071e+00
2.569444444444444198e-01 1.050000000000000044e+00
2.638888888888888951e-01 1.010000000000000009e+00
2.708333333333333148e-01 9.599999999999999645e-01
2.777777777777777901e-01 9.100000000000000311e-01
2.847222222222222099e-01 8.399999999999999689e-01
2.916666666666666852e-01 7.600000000000000089e-01
2.986111111111111049e-01 6.700000000000000400e-01
3.055555555555555802e-01 5.799999999999999600e-01
3.125000000000000000e-01 4.699999999999999734e-01
3.194444444444444753e-01 3.699999999999999956e-01
3.263888888888888951e-01 2.800000000000000266e-01
3.333333333333333148e-01 1.799999999999999933e-01
3.402777777777777346e-01 8.999999999999999667e-02
3.472222222222222099e-01 1.000000000000000021e-02
3.541666666666666297e-01 -8.000000000000000167e-02
3.611111111111111049e-01 -1.700000000000000122e-01
3.680555555555555247e-01 -2.500000000000000000e-01
3.750000000000000000e-01 -3.400000000000000244e-01
3.819444444444444198e-01 -4.199999999999999845e-01
3.888888888888888951e-01 -5.000000000000000000e-01
3.958333333333333148e-01 -5.699999999999999512e-01
4.027777777777777901e-01 -6.199999999999999956e-01
4.097222222222222099e-01 -6.500000000000000222e-01
4.166666666666666852e-01 -6.700000000000000400e-01
4.236111111111111049e-01 -6.700000000000000400e-01
4.305555555555555802e-01 -6.600000000000000311e-01
4.375000000000000000e-01 -6.500000000000000222e-01
4.444444444444444753e-01 -6.300000000000000044e-01
4.513888888888888951e-01 -6.099999999999999867e-01
4.583333333333333148e-01 -5.999999999999999778e-01
4.652777777777777346e-01 -5.899999999999999689e-01
4.722222222222222099e-01 -5.999999999999999778e-01
4.791666666666666297e-01 -5.999999999999999778e-01
4.861111111111111049e-01 -6.099999999999999867e-01
4.930555555555555247e-01 -6.300000000000000044e-01
5.000000000000000000e-01 -6.400000000000000133e-01
5.069444444444444198e-01 -6.500000000000000222e-01
5.138888888888888395e-01 -6.600000000000000311e-01
5.208333333333333703e-01 -6.700000000000000400e-01
5.277777777777777901e-01 -6.700000000000000400e-01
5.347222222222222099e-01 -6.700000000000000400e-01
5.416666666666666297e-01 -6.700000000000000400e-01
5.486111111111110494e-01 -6.600000000000000311e-01
5.555555555555554692e-01 -6.400000000000000133e-01
5.625000000000000000e-01 -6.199999999999999956e-01
5.694444444444444198e-01 -5.799999999999999600e-01
5.763888888888888395e-01 -5.400000000000000355e-01
5.833333333333333703e-01 -4.899999999999999911e-01
5.902777777777777901e-01 -4.400000000000000022e-01
5.972222222222222099e-01 -3.699999999999999956e-01
6.041666666666667407e-01 -3.099999999999999978e-01
6.111111111111111605e-01 -2.399999999999999911e-01
6.180555555555555802e-01 -1.600000000000000033e-01
6.250000000000000000e-01 -7.000000000000000666e-02
6.319444444444444198e-01 4.000000000000000083e-02
6.388888888888888395e-01 1.600000000000000033e-01
6.458333333333333703e-01 2.899999999999999800e-01
6.527777777777777901e-01 4.500000000000000111e-01
6.597222222222222099e-01 6.199999999999999956e-01
6.666666666666666297e-01 7.900000000000000355e-01
6.736111111111110494e-01 9.599999999999999645e-01
6.805555555555554692e-01 1.120000000000000107e+00
6.875000000000000000e-01 1.260000000000000009e+00
6.944444444444444198e-01 1.370000000000000107e+00
7.013888888888888395e-01 1.439999999999999947e+00
7.083333333333333703e-01 1.479999999999999982e+00
7.152777777777777901e-01 1.479999999999999982e+00
7.222222222222222099e-01 1.459999999999999964e+00
7.291666666666667407e-01 1.409999999999999920e+00
7.361111111111111605e-01 1.350000000000000089e+00
7.430555555555555802e-01 1.300000000000000044e+00
7.500000000000000000e-01 1.239999999999999991e+00
7.569444444444444198e-01 1.199999999999999956e+00
7.638888888888888395e-01 1.159999999999999920e+00
7.708333333333333703e-01 1.120000000000000107e+00
7.777777777777777901e-01 1.090000000000000080e+00
7.847222222222222099e-01 1.050000000000000044e+00
7.916666666666666297e-01 9.899999999999999911e-01
7.986111111111110494e-01 9.300000000000000488e-01
8.055555555555554692e-01 8.499999999999999778e-01
8.125000000000000000e-01 7.600000000000000089e-01
8.194444444444444198e-01 6.600000000000000311e-01
8.263888888888888395e-01 5.600000000000000533e-01
8.333333333333333703e-01 4.600000000000000200e-01
8.402777777777777901e-01 3.599999999999999867e-01
8.472222222222222099e-01 2.700000000000000178e-01
8.541666666666667407e-01 1.900000000000000022e-01
8.611111111111111605e-01 1.100000000000000006e-01
8.680555555555555802e-01 4.000000000000000083e-02
8.750000000000000000e-01 -2.000000000000000042e-02
8.819444444444444198e-01 -8.999999999999999667e-02
8.888888888888888395e-01 -1.499999999999999944e-01
8.958333333333333703e-01 -2.099999999999999922e-01
9.027777777777777901e-01 -2.700000000000000178e-01
9.097222222222222099e-01 -3.099999999999999978e-01
9.166666666666666297e-01 -3.499999999999999778e-01
9.236111111111110494e-01 -3.699999999999999956e-01
9.305555555555554692e-01 -3.800000000000000044e-01
9.375000000000000000e-01 -3.699999999999999956e-01
9.444444444444444198e-01 -3.699999999999999956e-01
9.513888888888888395e-01 -3.499999999999999778e-01
9.583333333333333703e-01 -3.400000000000000244e-01
9.652777777777777901e-01 -3.400000000000000244e-01
9.722222222222222099e-01 -3.400000000000000244e-01
9.791666666666667407e-01 -3.499999999999999778e-01
9.861111111111111605e-01 -3.699999999999999956e-01
9.930555555555555802e-01 -4.000000000000000222e-01
1.000000000000000000e+00 -4.299999999999999933e-01
1.006944444444444420e+00 -4.500000000000000111e-01
1.013888888888888840e+00 -4.799999999999999822e-01
1.020833333333333259e+00 -5.000000000000000000e-01
1.027777777777777679e+00 -5.100000000000000089e-01
1.034722222222222321e+00 -5.100000000000000089e-01
1.041666666666666741e+00 -5.100000000000000089e-01
1.048611111111111160e+00 -5.100000000000000089e-01
1.055555555555555580e+00 -5.000000000000000000e-01
1.062500000000000000e+00 -4.799999999999999822e-01
1.069444444444444420e+00 -4.600000000000000200e-01
1.076388888888889062e+00 -4.299999999999999933e-01
1.083333333333333259e+00 -4.000000000000000222e-01
1.090277777777777679e+00 -3.599999999999999867e-01
1.097222222222222099e+00 -3.200000000000000067e-01
1.104166666666666519e+00 -2.800000000000000266e-01
1.111111111111110938e+00 -2.399999999999999911e-01
1.118055555555555580e+00 -1.900000000000000022e-01
1.125000000000000000e+00 -1.499999999999999944e-01
1.131944444444444420e+00 -8.999999999999999667e-02
1.138888888888888840e+00 -2.999999999999999889e-02
1.145833333333333259e+00 4.000000000000000083e-02
1.152777777777777679e+00 1.300000000000000044e-01
1.159722222222222321e+00 2.300000000000000100e-01
1.166666666666666741e+00 3.499999999999999778e-01
1.173611111111111160e+00 4.899999999999999911e-01
1.180555555555555580e+00 6.300000000000000044e-01
1.187500000000000000e+00 7.800000000000000266e-01
1.194444444444444420e+00 9.200000000000000400e-01
1.201388888888889062e+00 1.050000000000000044e+00
1.208333333333333259e+00 1.149999999999999911e+00
1.215277777777777679e+00 1.219999999999999973e+00
1.222222222222222099e+00 1.260000000000000009e+00
1.229166666666666519e+00 1.270000000000000018e+00
1.236111111111110938e+00 1.260000000000000009e+00
1.243055555555555580e+00 1.229999999999999982e+00
1.250000000000000000e+00 1.189999999999999947e+00
1.256944444444444420e+00 1.139999999999999902e+00
1.263888888888888840e+00 1.100000000000000089e+00
1.270833333333333259e+00 1.060000000000000053e+00
1.277777777777777679e+00 1.030000000000000027e+00
1.284722222222222321e+00 1.000000000000000000e+00
1.291666666666666741e+00 9.599999999999999645e-01
1.298611111111111160e+00 9.200000000000000400e-01
1.305555555555555580e+00 8.699999999999999956e-01
1.312500000000000000e+00 8.100000000000000533e-01
1.319444444444444420e+00 7.299999999999999822e-01
1.326388888888889062e+00 6.400000000000000133e-01
1.333333333333333259e+00 5.400000000000000355e-01
1.340277777777777679e+00 4.400000000000000022e-01
1.347222222222222099e+00 3.300000000000000155e-01
1.354166666666666519e+00 2.300000000000000100e-01
1.361111111111110938e+00 1.300000000000000044e-01
1.368055555555555580e+00 4.000000000000000083e-02
1.375000000000000000e+00 -5.999999999999999778e-02
1.381944444444444420e+00 -1.499999999999999944e-01
1.388888888888888840e+00 -2.399999999999999911e-01
1.395833333333333259e+00 -3.200000000000000067e-01
1.402777777777777679e+00 -4.099999999999999756e-01
1.409722222222222321e+00 -4.899999999999999911e-01
1.416666666666666741e+00 -5.699999999999999512e-01
1.423611111111111160e+00 -6.300000000000000044e-01
1.430555555555555580e+00 -6.700000000000000400e-01
1.437500000000000000e+00 -6.999999999999999556e-01
1.444444444444444420e+00 -7.199999999999999734e-01
1.451388888888889062e+00 -7.099999999999999645e-01
1.458333333333333259e+00 -6.999999999999999556e-01
1.465277777777777679e+00 -6.800000000000000488e-01
1.472222222222222099e+00 -6.500000000000000222e-01
1.479166666666666519e+00 -6.300000000000000044e-01
1.486111111111110938e+00 -6.099999999999999867e-01
1.493055555555555580e+00 -6.099999999999999867e-01
1.500000000000000000e+00 -6.099999999999999867e-01
1.506944444444444420e+00 -6.099999999999999867e-01
1.513888888888888840e+00 -6.300000000000000044e-01
1.520833333333333259e+00 -6.500000000000000222e-01
1.527777777777777679e+00 -6.600000000000000311e-01
1.534722222222222321e+00 -6.800000000000000488e-01
1.541666666666666519e+00 -6.999999999999999556e-01
1.548611111111110938e+00 -7.099999999999999645e-01
1.555555555555555358e+00 -7.199999999999999734e-01
1.562499999999999778e+00 -7.199999999999999734e-01
1.569444444444444198e+00 -7.199999999999999734e-01
1.576388888888888840e+00 -6.999999999999999556e-01
1.583333333333333481e+00 -6.800000000000000488e-01
1.590277777777777901e+00 -6.500000000000000222e-01
1.597222222222222321e+00 -6.099999999999999867e-01
1.604166666666666741e+00 -5.600000000000000533e-01
1.611111111111111160e+00 -5.000000000000000000e-01
1.618055555555555802e+00 -4.400000000000000022e-01
1.625000000000000000e+00 -3.699999999999999956e-01
1.631944444444444420e+00 -2.999999999999999889e-01
1.638888888888888840e+00 -2.300000000000000100e-01
1.645833333333333259e+00 -1.400000000000000133e-01
1.652777777777777679e+00 -5.000000000000000278e-02
1.659722222222222321e+00 5.999999999999999778e-02
1.666666666666666519e+00 1.799999999999999933e-01
1.673611111111110938e+00 3.099999999999999978e-01
1.680555555555555358e+00 4.699999999999999734e-01
1.687499999999999778e+00 6.300000000000000044e-01
1.694444444444444198e+00 8.100000000000000533e-01
1.701388888888888840e+00 9.799999999999999822e-01
1.708333333333333481e+00 1.139999999999999902e+00
1.715277777777777901e+00 1.280000000000000027e+00
1.722222222222222321e+00 1.379999999999999893e+00
1.729166666666666741e+00 1.449999999999999956e+00
1.736111111111111160e+00 1.489999999999999991e+00
1.743055555555555802e+00 1.479999999999999982e+00
1.750000000000000000e+00 1.449999999999999956e+00
1.756944444444444420e+00 1.399999999999999911e+00
1.763888888888888840e+00 1.340000000000000080e+00
1.770833333333333259e+00 1.280000000000000027e+00
1.777777777777777679e+00 1.219999999999999973e+00
1.784722222222222321e+00 1.179999999999999938e+00
1.791666666666666519e+00 1.139999999999999902e+00
1.798611111111110938e+00 1.100000000000000089e+00
1.805555555555555358e+00 1.070000000000000062e+00
1.812499999999999778e+00 1.040000000000000036e+00
1.819444444444444198e+00 9.899999999999999911e-01
1.826388888888888840e+00 9.399999999999999467e-01
1.833333333333333481e+00 8.699999999999999956e-01
1.840277777777777901e+00 7.800000000000000266e-01
1.847222222222222321e+00 6.899999999999999467e-01
1.854166666666666741e+00 5.899999999999999689e-01
1.861111111111111160e+00 5.000000000000000000e-01
1.868055555555555802e+00 4.000000000000000222e-01
1.875000000000000000e+00 3.099999999999999978e-01
1.881944444444444420e+00 2.200000000000000011e-01
1.888888888888888840e+00 1.499999999999999944e-01
1.895833333333333259e+00 7.000000000000000666e-02
1.902777777777777679e+00 0.000000000000000000e+00
1.909722222222222321e+00 -7.000000000000000666e-02
1.916666666666666519e+00 -1.300000000000000044e-01
1.923611111111110938e+00 -1.900000000000000022e-01
1.930555555555555358e+00 -2.500000000000000000e-01
1.937499999999999778e+00 -2.899999999999999800e-01
1.944444444444444198e+00 -3.200000000000000067e-01
1.951388888888888840e+00 -3.400000000000000244e-01
1.958333333333333481e+00 -3.400000000000000244e-01
1.965277777777777901e+00 -3.400000000000000244e-01
1.972222222222222321e+00 -3.300000000000000155e-01
1.979166666666666741e+00 -3.099999999999999978e-01
1.986111111111111160e+00 -2.999999999999999889e-01
1.993055555555555802e+00 -2.999999999999999889e-01
2.000000000000000000e+00 -2.999999999999999889e-01
2.006944444444444642e+00 -3.099999999999999978e-01
2.013888888888888840e+00 -3.400000000000000244e-01
2.020833333333333481e+00 -3.599999999999999867e-01
2.027777777777777679e+00 -4.000000000000000222e-01
2.034722222222222321e+00 -4.299999999999999933e-01
2.041666666666666519e+00 -4.600000000000000200e-01
2.048611111111111160e+00 -4.899999999999999911e-01
2.055555555555555358e+00 -5.100000000000000089e-01
2.062500000000000000e+00 -5.200000000000000178e-01
2.069444444444444198e+00 -5.200000000000000178e-01
2.076388888888888840e+00 -5.200000000000000178e-01
2.083333333333333481e+00 -5.100000000000000089e-01
2.090277777777778123e+00 -4.899999999999999911e-01
2.097222222222222321e+00 -4.699999999999999734e-01
2.104166666666666963e+00 -4.400000000000000022e-01
2.111111111111111160e+00 -4.000000000000000222e-01
2.118055555555555802e+00 -3.599999999999999867e-01
2.125000000000000000e+00 -3.099999999999999978e-01
2.131944444444444642e+00 -2.700000000000000178e-01
2.138888888888888840e+00 -2.200000000000000011e-01
2.145833333333333481e+00 -1.700000000000000122e-01
2.152777777777777679e+00 -1.300000000000000044e-01
2.159722222222222321e+00 -8.000000000000000167e-02
2.166666666666666519e+00 -2.000000000000000042e-02
2.173611111111111160e+00 5.000000000000000278e-02
2.180555555555555358e+00 1.199999999999999956e-01
2.187500000000000000e+00 2.200000000000000011e-01
2.194444444444444198e+00 3.300000000000000155e-01
2.201388888888888840e+00 4.600000000000000200e-01
2.208333333333333481e+00 5.899999999999999689e-01
2.215277777777778123e+00 7.299999999999999822e-01
2.222222222222222321e+00 8.699999999999999956e-01
2.229166666666666963e+00 9.899999999999999911e-01
2.236111111111111160e+00 1.090000000000000080e+00
2.243055555555555802e+00 1.159999999999999920e+00
2.250000000000000000e+00 1.199999999999999956e+00
2.256944444444444642e+00 1.209999999999999964e+00
2.263888888888888840e+00 1.199999999999999956e+00
2.270833333333333481e+00 1.169999999999999929e+00
2.277777777777777679e+00 1.120000000000000107e+00
2.284722222222222321e+00 1.080000000000000071e+00
2.291666666666666519e+00 1.030000000000000027e+00
2.298611111111111160e+00 9.899999999999999911e-01
2.305555555555555358e+00 9.599999999999999645e-01
2.312500000000000000e+00 9.300000000000000488e-01
2.319444444444444198e+00 9.000000000000000222e-01
2.326388888888888840e+00 8.599999999999999867e-01
2.333333333333333481e+00 8.100000000000000533e-01
2.340277777777778123e+00 7.600000000000000089e-01
2.347222222222222321e+00 6.899999999999999467e-01
2.354166666666666963e+00 6.099999999999999867e-01
2.361111111111111160e+00 5.100000000000000089e-01
2.368055555555555802e+00 4.199999999999999845e-01
2.375000000000000000e+00 3.200000000000000067e-01
2.381944444444444642e+00 2.099999999999999922e-01
2.388888888888888840e+00 1.100000000000000006e-01
2.395833333333333481e+00 2.000000000000000042e-02
2.402777777777777679e+00 -8.000000000000000167e-02
2.409722222222222321e+00 -1.799999999999999933e-01
2.416666666666666519e+00 -2.700000000000000178e-01
2.423611111111111160e+00 -3.699999999999999956e-01
2.430555555555555358e+00 -4.600000000000000200e-01
2.437500000000000000e+00 -5.400000000000000355e-01
2.444444444444444198e+00 -6.099999999999999867e-01
2.451388888888888840e+00 -6.800000000000000488e-01
2.458333333333333481e+00 -7.199999999999999734e-01
2.465277777777778123e+00 -7.500000000000000000e-01
2.472222222222222321e+00 -7.600000000000000089e-01
2.479166666666666963e+00 -7.600000000000000089e-01
2.486111111111111160e+00 -7.399999999999999911e-01
2.493055555555555802e+00 -7.199999999999999734e-01
2.500000000000000000e+00 -6.899999999999999467e-01
2.506944444444444642e+00 -6.700000000000000400e-01
2.513888888888888840e+00 -6.500000000000000222e-01
2.520833333333333481e+00 -6.300000000000000044e-01
2.527777777777777679e+00 -6.300000000000000044e-01
2.534722222222222321e+00 -6.400000000000000133e-01
2.541666666666666519e+00 -6.500000000000000222e-01
2.548611111111111160e+00 -6.600000000000000311e-01
2.555555555555555358e+00 -6.800000000000000488e-01
2.562500000000000000e+00 -6.999999999999999556e-01
2.569444444444444198e+00 -7.199999999999999734e-01
2.576388888888888840e+00 -7.299999999999999822e-01
2.583333333333333481e+00 -7.399999999999999911e-01
2.590277777777778123e+00 -7.500000000000000000e-01
2.597222222222222321e+00 -7.399999999999999911e-01
2.604166666666666963e+00 -7.299999999999999822e-01
2.611111111111111160e+00 -7.099999999999999645e-01
2.618055555555555802e+00 -6.800000000000000488e-01
2.625000000000000000e+00 -6.400000000000000133e-01
2.631944444444444642e+00 -5.899999999999999689e-01
2.638888888888888840e+00 -5.300000000000000266e-01
2.645833333333333481e+00 -4.699999999999999734e-01
2.652777777777777679e+00 -4.000000000000000222e-01
2.659722222222222321e+00 -3.200000000000000067e-01
2.666666666666666519e+00 -2.500000000000000000e-01
2.673611111111111160e+00 -1.600000000000000033e-01
2.680555555555555358e+00 -7.000000000000000666e-02
2.687500000000000000e+00 4.000000000000000083e-02
2.694444444444444198e+00 1.600000000000000033e-01
2.701388888888888840e+00 2.999999999999999889e-01
2.708333333333333481e+00 4.500000000000000111e-01
2.715277777777778123e+00 6.099999999999999867e-01
2.722222222222222321e+00 7.900000000000000355e-01
2.729166666666666963e+00 9.599999999999999645e-01
2.736111111111111160e+00 1.120000000000000107e+00
2.743055555555555802e+00 1.250000000000000000e+00
2.750000000000000000e+00 1.360000000000000098e+00
2.756944444444444642e+00 1.439999999999999947e+00
2.763888888888888840e+00 1.469999999999999973e+00
2.770833333333333481e+00 1.479999999999999982e+00
2.777777777777777679e+00 1.449999999999999956e+00
2.784722222222222321e+00 1.399999999999999911e+00
2.791666666666666519e+00 1.340000000000000080e+00
2.798611111111111160e+00 1.280000000000000027e+00
2.805555555555555358e+00 1.219999999999999973e+00
2.812500000000000000e+00 1.159999999999999920e+00
2.819444444444444198e+00 1.120000000000000107e+00
2.826388888888888840e+00 1.080000000000000071e+00
2.833333333333333481e+00 1.050000000000000044e+00
2.840277777777778123e+00 1.020000000000000018e+00
2.847222222222222321e+00 9.799999999999999822e-01
2.854166666666666963e+00 9.300000000000000488e-01
2.861111111111111160e+00 8.699999999999999956e-01
2.868055555555555802e+00 8.000000000000000444e-01
2.875000000000000000e+00 7.199999999999999734e-01
2.881944444444444642e+00 6.400000000000000133e-01
2.888888888888888840e+00 5.500000000000000444e-01
2.895833333333333481e+00 4.600000000000000200e-01
2.902777777777777679e+00 3.800000000000000044e-01
2.909722222222222321e+00 2.899999999999999800e-01
2.916666666666666519e+00 2.099999999999999922e-01
2.923611111111111160e+00 1.300000000000000044e-01
2.930555555555555358e+00 5.000000000000000278e-02
2.937500000000000000e+00 -2.000000000000000042e-02
2.944444444444444198e+00 -8.999999999999999667e-02
2.951388888888888840e+00 -1.600000000000000033e-01
2.958333333333333481e+00 -2.099999999999999922e-01
2.965277777777778123e+00 -2.600000000000000089e-01
2.972222222222222321e+00 -2.899999999999999800e-01
2.979166666666666963e+00 -3.099999999999999978e-01
2.986111111111111160e+00 -3.200000000000000067e-01
2.993055555555555802e+00 -3.200000000000000067e-01
3.000000000000000000e+00 -2.999999999999999889e-01
3.006944444444444642e+00 -2.899999999999999800e-01
3.013888888888888840e+00 -2.800000000000000266e-01
3.020833333333333481e+00 -2.700000000000000178e-01
3.027777777777777679e+00 -2.800000000000000266e-01
3.034722222222222321e+00 -2.899999999999999800e-01
3.041666666666666519e+00 -3.099999999999999978e-01
3.048611111111111160e+00 -3.400000000000000244e-01
3.055555555555555358e+00 -3.699999999999999956e-01
3.062500000000000000e+00 -4.099999999999999756e-01
3.069444444444444198e+00 -4.400000000000000022e-01
3.076388888888888840e+00 -4.699999999999999734e-01
3.083333333333333481e+00 -4.899999999999999911e-01
3.090277777777778123e+00 -5.100000000000000089e-01
3.097222222222222321e+00 -5.200000000000000178e-01
3.104166666666666963e+00 -5.200000000000000178e-01
3.111111111111111160e+00 -5.100000000000000089e-01
3.118055555555555802e+00 -4.899999999999999911e-01
3.125000000000000000e+00 -4.699999999999999734e-01
3.131944444444444642e+00 -4.400000000000000022e-01
3.138888888888888840e+00 -4.000000000000000222e-01
3.145833333333333481e+00 -3.599999999999999867e-01
3.152777777777777679e+00 -3.099999999999999978e-01
3.159722222222222321e+00 -2.600000000000000089e-01
3.166666666666666519e+00 -2.200000000000000011e-01
3.173611111111111160e+00 -1.700000000000000122e-01
3.180555555555555358e+00 -1.199999999999999956e-01
3.187500000000000000e+00 -7.000000000000000666e-02
3.194444444444444198e+00 -2.000000000000000042e-02
3.201388888888888840e+00 4.000000000000000083e-02
3.208333333333333481e+00 1.100000000000000006e-01
3.215277777777778123e+00 2.000000000000000111e-01
3.222222222222222321e+00 2.999999999999999889e-01
3.229166666666666963e+00 4.099999999999999756e-01
3.236111111111111160e+00 5.400000000000000355e-01
3.243055555555555802e+00 6.700000000000000400e-01
3.250000000000000000e+00 7.900000000000000355e-01
3.256944444444444642e+00 9.100000000000000311e-01
3.263888888888888840e+00 1.010000000000000009e+00
3.270833333333333481e+00 1.080000000000000071e+00
3.277777777777777679e+00 1.120000000000000107e+00
3.284722222222222321e+00 1.139999999999999902e+00
3.291666666666666519e+00 1.139999999999999902e+00
3.298611111111111160e+00 1.110000000000000098e+00
3.305555555555555358e+00 1.070000000000000062e+00
3.312500000000000000e+00 1.030000000000000027e+00
3.319444444444444198e+00 9.899999999999999911e-01
3.326388888888888840e+00 9.399999999999999467e-01
3.333333333333333481e+00 9.000000000000000222e-01
3.340277777777778123e+00 8.699999999999999956e-01
3.347222222222222321e+00 8.299999999999999600e-01
3.354166666666666963e+00 8.000000000000000444e-01
3.361111111111111160e+00 7.500000000000000000e-01
3.368055555555555802e+00 6.999999999999999556e-01
3.375000000000000000e+00 6.400000000000000133e-01
3.381944444444444642e+00 5.699999999999999512e-01
3.388888888888888840e+00 4.899999999999999911e-01
3.395833333333333481e+00 4.000000000000000222e-01
3.402777777777777679e+00 3.099999999999999978e-01
3.409722222222222321e+00 2.200000000000000011e-01
3.416666666666666519e+00 1.199999999999999956e-01
3.423611111111111160e+00 2.999999999999999889e-02
3.430555555555555358e+00 -7.000000000000000666e-02
3.437500000000000000e+00 -1.700000000000000122e-01
3.444444444444444198e+00 -2.700000000000000178e-01
3.451388888888888840e+00 -3.699999999999999956e-01
3.458333333333333481e+00 -4.600000000000000200e-01
3.465277777777778123e+00 -5.500000000000000444e-01
3.472222222222222321e+00 -6.300000000000000044e-01
3.479166666666666963e+00 -6.999999999999999556e-01
3.486111111111111160e+00 -7.500000000000000000e-01
3.493055555555555802e+00 -7.900000000000000355e-01
3.500000000000000000e+00 -8.000000000000000444e-01
3.506944444444444642e+00 -8.100000000000000533e-01
3.513888888888888840e+00 -7.900000000000000355e-01
3.520833333333333481e+00 -7.700000000000000178e-01
3.527777777777777679e+00 -7.500000000000000000e-01
3.534722222222222321e+00 -7.199999999999999734e-01
3.541666666666666519e+00 -6.999999999999999556e-01
3.548611111111111160e+00 -6.899999999999999467e-01
3.555555555555555358e+00 -6.800000000000000488e-01
3.562500000000000000e+00 -6.700000000000000400e-01
3.569444444444444198e+00 -6.700000000000000400e-01
3.576388888888888840e+00 -6.800000000000000488e-01
3.583333333333333481e+00 -6.899999999999999467e-01
3.590277777777778123e+00 -6.999999999999999556e-01
3.597222222222222321e+00 -7.199999999999999734e-01
3.604166666666666963e+00 -7.299999999999999822e-01
3.611111111111111160e+00 -7.399999999999999911e-01
3.618055555555555802e+00 -7.399999999999999911e-01
3.625000000000000000e+00 -7.399999999999999911e-01
3.631944444444444642e+00 -7.399999999999999911e-01
3.638888888888888840e+00 -7.199999999999999734e-01
3.645833333333333481e+00 -6.899999999999999467e-01
3.652777777777777679e+00 -6.600000000000000311e-01
3.659722222222222321e+00 -6.199999999999999956e-01
3.666666666666666519e+00 -5.600000000000000533e-01
3.673611111111111160e+00 -5.100000000000000089e-01
3.680555555555555358e+00 -4.400000000000000022e-01
3.687500000000000000e+00 -3.699999999999999956e-01
3.694444444444444198e+00 -2.999999999999999889e-01
3.701388888888888840e+00 -2.200000000000000011e-01
3.708333333333333481e+00 -1.300000000000000044e-01
3.715277777777778123e+00 -2.999999999999999889e-02
3.722222222222222321e+00 8.999999999999999667e-02
3.729166666666666963e+00 2.200000000000000011e-01
3.736111111111111160e+00 3.699999999999999956e-01
3.743055555555555802e+00 5.300000000000000266e-01
3.750000000000000000e+00 6.999999999999999556e-01
3.756944444444444642e+00 8.699999999999999956e-01
3.763888888888888840e+00 1.030000000000000027e+00
3.770833333333333481e+00 1.169999999999999929e+00
3.777777777777777679e+00 1.290000000000000036e+00
3.784722222222222321e+00 1.379999999999999893e+00
3.791666666666666519e+00 1.429999999999999938e+00
3.798611111111111160e+00 1.449999999999999956e+00
3.805555555555555358e+00 1.439999999999999947e+00
3.812500000000000000e+00 1.399999999999999911e+00
3.819444444444444198e+00 1.350000000000000089e+00
3.826388888888888840e+00 1.300000000000000044e+00
3.833333333333333481e+00 1.239999999999999991e+00
3.840277777777778123e+00 1.179999999999999938e+00
3.847222222222222321e+00 1.129999999999999893e+00
3.854166666666666963e+00 1.090000000000000080e+00
3.861111111111111160e+00 1.050000000000000044e+00
3.868055555555555802e+00 1.010000000000000009e+00
3.875000000000000000e+00 9.699999999999999734e-01
3.881944444444444642e+00 9.200000000000000400e-01
3.888888888888888840e+00 8.699999999999999956e-01
3.895833333333333481e+00 8.100000000000000533e-01
3.902777777777777679e+00 7.500000000000000000e-01
3.909722222222222321e+00 6.800000000000000488e-01
3.916666666666666519e+00 6.099999999999999867e-01
3.923611111111111160e+00 5.300000000000000266e-01
3.930555555555555358e+00 4.500000000000000111e-01
3.937500000000000000e+00 3.800000000000000044e-01
3.944444444444444198e+00 2.999999999999999889e-01
3.951388888888888840e+00 2.200000000000000011e-01
3.958333333333333481e+00 1.400000000000000133e-01
3.965277777777778123e+00 5.999999999999999778e-02
3.972222222222222321e+00 -2.000000000000000042e-02
3.979166666666666963e+00 -1.000000000000000056e-01
3.986111111111111160e+00 -1.600000000000000033e-01
3.993055555555555802e+00 -2.200000000000000011e-01
4.000000000000000000e+00 -2.600000000000000089e-01
4.006944444444444642e+00 -2.800000000000000266e-01
4.013888888888889284e+00 -2.999999999999999889e-01
4.020833333333333037e+00 -2.999999999999999889e-01
4.027777777777777679e+00 -2.899999999999999800e-01
4.034722222222222321e+00 -2.899999999999999800e-01
4.041666666666666963e+00 -2.800000000000000266e-01
4.048611111111111605e+00 -2.700000000000000178e-01
4.055555555555556246e+00 -2.800000000000000266e-01
4.062500000000000000e+00 -2.899999999999999800e-01
4.069444444444444642e+00 -3.099999999999999978e-01
4.076388888888889284e+00 -3.300000000000000155e-01
4.083333333333333037e+00 -3.599999999999999867e-01
4.090277777777777679e+00 -3.800000000000000044e-01
4.097222222222222321e+00 -4.099999999999999756e-01
4.104166666666666075e+00 -4.400000000000000022e-01
4.111111111111110716e+00 -4.600000000000000200e-01
4.118055555555555358e+00 -4.699999999999999734e-01
4.125000000000000000e+00 -4.799999999999999822e-01
4.131944444444444642e+00 -4.799999999999999822e-01
4.138888888888889284e+00 -4.799999999999999822e-01
4.145833333333333037e+00 -4.699999999999999734e-01
4.152777777777777679e+00 -4.500000000000000111e-01
4.159722222222222321e+00 -4.299999999999999933e-01
4.166666666666666963e+00 -4.000000000000000222e-01
4.173611111111111605e+00 -3.599999999999999867e-01
4.180555555555556246e+00 -3.200000000000000067e-01
4.187500000000000000e+00 -2.700000000000000178e-01
4.194444444444444642e+00 -2.300000000000000100e-01
4.201388888888889284e+00 -1.799999999999999933e-01
4.208333333333333037e+00 -1.400000000000000133e-01
4.215277777777777679e+00 -8.999999999999999667e-02
4.222222222222222321e+00 -5.000000000000000278e-02
4.229166666666666075e+00 1.000000000000000021e-02
4.236111111111110716e+00 7.000000000000000666e-02
4.243055555555555358e+00 1.499999999999999944e-01
4.250000000000000000e+00 2.399999999999999911e-01
4.256944444444444642e+00 3.400000000000000244e-01
4.263888888888889284e+00 4.500000000000000111e-01
4.270833333333333037e+00 5.699999999999999512e-01
4.277777777777777679e+00 6.899999999999999467e-01
4.284722222222222321e+00 8.000000000000000444e-01
4.291666666666666963e+00 9.000000000000000222e-01
4.298611111111111605e+00 9.799999999999999822e-01
4.305555555555556246e+00 1.040000000000000036e+00
4.312500000000000000e+00 1.070000000000000062e+00
4.319444444444444642e+00 1.080000000000000071e+00
4.326388888888889284e+00 1.070000000000000062e+00
4.333333333333333037e+00 1.050000000000000044e+00
4.340277777777777679e+00 1.020000000000000018e+00
4.347222222222222321e+00 9.799999999999999822e-01
4.354166666666666075e+00 9.399999999999999467e-01
4.361111111111110716e+00 8.900000000000000133e-01
4.368055555555555358e+00 8.499999999999999778e-01
4.375000000000000000e+00 8.100000000000000533e-01
4.381944444444444642e+00 7.700000000000000178e-01
4.388888888888889284e+00 7.199999999999999734e-01
4.395833333333333037e+00 6.700000000000000400e-01
4.402777777777777679e+00 6.099999999999999867e-01
4.409722222222222321e+00 5.400000000000000355e-01
4.416666666666666963e+00 4.699999999999999734e-01
4.423611111111111605e+00 4.000000000000000222e-01
4.430555555555556246e+00 3.200000000000000067e-01
4.437500000000000000e+00 2.399999999999999911e-01
4.444444444444444642e+00 1.600000000000000033e-01
4.451388888888889284e+00 7.000000000000000666e-02
4.458333333333333037e+00 -2.999999999999999889e-02
4.465277777777777679e+00 -1.199999999999999956e-01
4.472222222222222321e+00 -2.200000000000000011e-01
4.479166666666666075e+00 -3.200000000000000067e-01
4.486111111111110716e+00 -4.199999999999999845e-01
4.493055555555555358e+00 -5.200000000000000178e-01
4.500000000000000000e+00 -6.099999999999999867e-01
4.506944444444444642e+00 -6.800000000000000488e-01
4.513888888888889284e+00 -7.399999999999999911e-01
4.520833333333333037e+00 -7.900000000000000355e-01
4.527777777777777679e+00 -8.199999999999999512e-01
4.534722222222222321e+00 -8.299999999999999600e-01
4.541666666666666963e+00 -8.299999999999999600e-01
4.548611111111111605e+00 -8.199999999999999512e-01
4.555555555555556246e+00 -8.100000000000000533e-01
4.562500000000000000e+00 -7.900000000000000355e-01
4.569444444444444642e+00 -7.700000000000000178e-01
4.576388888888889284e+00 -7.500000000000000000e-01
4.583333333333333037e+00 -7.299999999999999822e-01
4.590277777777777679e+00 -7.199999999999999734e-01
4.597222222222222321e+00 -7.099999999999999645e-01
4.604166666666666075e+00 -7.099999999999999645e-01
4.611111111111110716e+00 -7.099999999999999645e-01
4.618055555555555358e+00 -7.099999999999999645e-01
4.625000000000000000e+00 -7.099999999999999645e-01
4.631944444444444642e+00 -7.099999999999999645e-01
4.638888888888889284e+00 -7.099999999999999645e-01
4.645833333333333037e+00 -7.199999999999999734e-01
4.652777777777777679e+00 -7.199999999999999734e-01
4.659722222222222321e+00 -7.099999999999999645e-01
4.666666666666666963e+00 -6.999999999999999556e-01
4.673611111111111605e+00 -6.899999999999999467e-01
4.680555555555556246e+00 -6.600000000000000311e-01
4.687500000000000000e+00 -6.300000000000000044e-01
4.694444444444444642e+00 -5.899999999999999689e-01
4.701388888888889284e+00 -5.500000000000000444e-01
4.708333333333333037e+00 -5.000000000000000000e-01
4.715277777777777679e+00 -4.400000000000000022e-01
4.722222222222222321e+00 -3.800000000000000044e-01
4.729166666666666075e+00 -3.099999999999999978e-01
4.736111111111110716e+00 -2.300000000000000100e-01
4.743055555555555358e+00 -1.400000000000000133e-01
4.750000000000000000e+00 -4.000000000000000083e-02
4.756944444444444642e+00 8.999999999999999667e-02
4.763888888888889284e+00 2.200000000000000011e-01
4.770833333333333037e+00 3.800000000000000044e-01
4.777777777777777679e+00 5.400000000000000355e-01
4.784722222222222321e+00 6.999999999999999556e-01
4.791666666666666963e+00 8.599999999999999867e-01
4.798611111111111605e+00 1.010000000000000009e+00
4.805555555555556246e+00 1.139999999999999902e+00
4.812500000000000000e+00 1.250000000000000000e+00
4.819444444444444642e+00 1.320000000000000062e+00
4.826388888888889284e+00 1.370000000000000107e+00
4.833333333333333037e+00 1.389999999999999902e+00
4.840277777777777679e+00 1.389999999999999902e+00
4.847222222222222321e+00 1.360000000000000098e+00
4.854166666666666075e+00 1.330000000000000071e+00
4.861111111111110716e+00 1.280000000000000027e+00
4.868055555555555358e+00 1.239999999999999991e+00
4.875000000000000000e+00 1.189999999999999947e+00
4.881944444444444642e+00 1.139999999999999902e+00
4.888888888888889284e+00 1.090000000000000080e+00
4.895833333333333037e+00 1.040000000000000036e+00
4.902777777777777679e+00 9.899999999999999911e-01
4.909722222222222321e+00 9.399999999999999467e-01
4.916666666666666963e+00 8.900000000000000133e-01
4.923611111111111605e+00 8.399999999999999689e-01
4.930555555555556246e+00 7.800000000000000266e-01
4.937500000000000000e+00 7.199999999999999734e-01
4.944444444444444642e+00 6.600000000000000311e-01
4.951388888888889284e+00 5.999999999999999778e-01
4.958333333333333037e+00 5.300000000000000266e-01
4.965277777777777679e+00 4.699999999999999734e-01
4.972222222222222321e+00 3.900000000000000133e-01
4.979166666666666075e+00 3.200000000000000067e-01
4.986111111111110716e+00 2.399999999999999911e-01
4.993055555555555358e+00 1.600000000000000033e-01
5.000000000000000000e+00 7.000000000000000666e-02
5.006944444444444642e+00 -1.000000000000000021e-02
5.013888888888889284e+00 -8.000000000000000167e-02
5.020833333333333037e+00 -1.400000000000000133e-01
5.027777777777777679e+00 -1.900000000000000022e-01
5.034722222222222321e+00 -2.300000000000000100e-01
5.041666666666666963e+00 -2.600000000000000089e-01
5.048611111111111605e+00 -2.700000000000000178e-01
5.055555555555556246e+00 -2.800000000000000266e-01
5.062500000000000000e+00 -2.800000000000000266e-01
5.069444444444444642e+00 -2.800000000000000266e-01
5.076388888888889284e+00 -2.899999999999999800e-01
5.083333333333333037e+00 -2.899999999999999800e-01
5.090277777777777679e+00 -2.999999999999999889e-01
5.097222222222222321e+00 -3.099999999999999978e-01
5.104166666666666075e+00 -3.300000000000000155e-01
5.111111111111110716e+00 -3.499999999999999778e-01
5.118055555555555358e+00 -3.699999999999999956e-01
5.125000000000000000e+00 -3.900000000000000133e-01
5.131944444444444642e+00 -4.000000000000000222e-01
5.138888888888889284e+00 -4.099999999999999756e-01
5.145833333333333037e+00 -4.199999999999999845e-01
5.152777777777777679e+00 -4.299999999999999933e-01
5.159722222222222321e+00 -4.299999999999999933e-01
5.166666666666666963e+00 -4.299999999999999933e-01
5.173611111111111605e+00 -4.299999999999999933e-01
5.180555555555556246e+00 -4.199999999999999845e-01
5.187500000000000000e+00 -4.000000000000000222e-01
5.194444444444444642e+00 -3.800000000000000044e-01
5.201388888888889284e+00 -3.499999999999999778e-01
5.208333333333333037e+00 -3.200000000000000067e-01
5.215277777777777679e+00 -2.899999999999999800e-01
5.222222222222222321e+00 -2.500000000000000000e-01
5.229166666666666075e+00 -2.200000000000000011e-01
5.236111111111110716e+00 -1.799999999999999933e-01
5.243055555555555358e+00 -1.400000000000000133e-01
5.250000000000000000e+00 -1.000000000000000056e-01
5.256944444444444642e+00 -5.000000000000000278e-02
5.263888888888889284e+00 0.000000000000000000e+00
5.270833333333333037e+00 5.999999999999999778e-02
5.277777777777777679e+00 1.400000000000000133e-01
5.284722222222222321e+00 2.300000000000000100e-01
5.291666666666666963e+00 3.300000000000000155e-01
5.298611111111111605e+00 4.299999999999999933e-01
5.305555555555556246e+00 5.500000000000000444e-01
5.312500000000000000e+00 6.500000000000000222e-01
5.319444444444444642e+00 7.600000000000000089e-01
5.326388888888889284e+00 8.399999999999999689e-01
5.333333333333333037e+00 9.200000000000000400e-01
5.340277777777777679e+00 9.699999999999999734e-01
5.347222222222222321e+00 1.010000000000000009e+00
5.354166666666666075e+00 1.030000000000000027e+00
5.361111111111110716e+00 1.030000000000000027e+00
5.368055555555555358e+00 1.020000000000000018e+00
5.375000000000000000e+00 1.000000000000000000e+00
5.381944444444444642e+00 9.699999999999999734e-01
5.388888888888889284e+00 9.300000000000000488e-01
5.395833333333333037e+00 8.900000000000000133e-01
5.402777777777777679e+00 8.399999999999999689e-01
5.409722222222222321e+00 8.000000000000000444e-01
5.416666666666666963e+00 7.399999999999999911e-01
5.423611111111111605e+00 6.800000000000000488e-01
5.430555555555556246e+00 6.199999999999999956e-01
5.437500000000000000e+00 5.600000000000000533e-01
5.444444444444444642e+00 5.000000000000000000e-01
5.451388888888889284e+00 4.299999999999999933e-01
5.458333333333333037e+00 3.599999999999999867e-01
5.465277777777777679e+00 2.899999999999999800e-01
5.472222222222222321e+00 2.200000000000000011e-01
5.479166666666666075e+00 1.400000000000000133e-01
5.486111111111110716e+00 5.000000000000000278e-02
5.493055555555555358e+00 -2.999999999999999889e-02
5.500000000000000000e+00 -1.300000000000000044e-01
5.506944444444444642e+00 -2.200000000000000011e-01
5.513888888888889284e+00 -3.200000000000000067e-01
5.520833333333333037e+00 -4.199999999999999845e-01
5.527777777777777679e+00 -5.100000000000000089e-01
5.534722222222222321e+00 -5.899999999999999689e-01
5.541666666666666963e+00 -6.700000000000000400e-01
5.548611111111111605e+00 -7.299999999999999822e-01
5.555555555555556246e+00 -7.700000000000000178e-01
5.562500000000000000e+00 -8.000000000000000444e-01
5.569444444444444642e+00 -8.199999999999999512e-01
5.576388888888889284e+00 -8.299999999999999600e-01
5.583333333333333037e+00 -8.299999999999999600e-01
5.590277777777777679e+00 -8.299999999999999600e-01
5.597222222222222321e+00 -8.199999999999999512e-01
5.604166666666666075e+00 -8.000000000000000444e-01
5.611111111111110716e+00 -7.900000000000000355e-01
5.618055555555555358e+00 -7.700000000000000178e-01
5.625000000000000000e+00 -7.500000000000000000e-01
5.631944444444444642e+00 -7.399999999999999911e-01
5.638888888888889284e+00 -7.199999999999999734e-01
5.645833333333333037e+00 -7.099999999999999645e-01
5.652777777777777679e+00 -6.999999999999999556e-01
5.659722222222222321e+00 -6.899999999999999467e-01
5.666666666666666963e+00 -6.800000000000000488e-01
5.673611111111111605e+00 -6.800000000000000488e-01
5.680555555555556246e+00 -6.700000000000000400e-01
5.687500000000000000e+00 -6.700000000000000400e-01
5.694444444444444642e+00 -6.700000000000000400e-01
5.701388888888889284e+00 -6.600000000000000311e-01
5.708333333333333037e+00 -6.500000000000000222e-01
5.715277777777777679e+00 -6.300000000000000044e-01
5.722222222222222321e+00 -6.099999999999999867e-01
5.729166666666666075e+00 -5.799999999999999600e-01
5.736111111111110716e+00 -5.500000000000000444e-01
5.743055555555555358e+00 -5.100000000000000089e-01
5.750000000000000000e+00 -4.699999999999999734e-01
5.756944444444444642e+00 -4.199999999999999845e-01
5.763888888888889284e+00 -3.599999999999999867e-01
5.770833333333333037e+00 -2.899999999999999800e-01
5.777777777777777679e+00 -2.000000000000000111e-01
5.784722222222222321e+00 -1.000000000000000056e-01
5.791666666666666963e+00 2.000000000000000042e-02
5.798611111111111605e+00 1.600000000000000033e-01
5.805555555555556246e+00 2.999999999999999889e-01
5.812500000000000000e+00 4.500000000000000111e-01
5.819444444444444642e+00 6.099999999999999867e-01
5.826388888888889284e+00 7.600000000000000089e-01
5.833333333333333037e+00 9.000000000000000222e-01
5.840277777777777679e+00 1.020000000000000018e+00
5.847222222222222321e+00 1.129999999999999893e+00
5.854166666666666075e+00 1.209999999999999964e+00
5.861111111111110716e+00 1.270000000000000018e+00
5.868055555555555358e+00 1.310000000000000053e+00
5.875000000000000000e+00 1.330000000000000071e+00
5.881944444444444642e+00 1.330000000000000071e+00
5.888888888888889284e+00 1.310000000000000053e+00
5.895833333333333037e+00 1.290000000000000036e+00
5.902777777777777679e+00 1.260000000000000009e+00
5.909722222222222321e+00 1.219999999999999973e+00
5.916666666666666963e+00 1.169999999999999929e+00
5.923611111111111605e+00 1.120000000000000107e+00
5.930555555555556246e+00 1.060000000000000053e+00
5.937500000000000000e+00 1.010000000000000009e+00
5.944444444444444642e+00 9.499999999999999556e-01
5.951388888888889284e+00 8.900000000000000133e-01
5.958333333333333037e+00 8.399999999999999689e-01
5.965277777777777679e+00 7.800000000000000266e-01
5.972222222222222321e+00 7.299999999999999822e-01
5.979166666666666075e+00 6.700000000000000400e-01
5.986111111111110716e+00 6.199999999999999956e-01
5.993055555555555358e+00 5.600000000000000533e-01
6.000000000000000000e+00 5.000000000000000000e-01
6.006944444444444642e+00 4.299999999999999933e-01
6.013888888888889284e+00 3.599999999999999867e-01
6.020833333333333037e+00 2.800000000000000266e-01
6.027777777777777679e+00 2.000000000000000111e-01
6.034722222222222321e+00 1.199999999999999956e-01
6.041666666666666963e+00 4.000000000000000083e-02
6.048611111111111605e+00 -2.999999999999999889e-02
6.055555555555556246e+00 -8.999999999999999667e-02
6.062500000000000000e+00 -1.400000000000000133e-01
6.069444444444444642e+00 -1.900000000000000022e-01
6.076388888888889284e+00 -2.200000000000000011e-01
6.083333333333333037e+00 -2.399999999999999911e-01
6.090277777777777679e+00 -2.600000000000000089e-01
6.097222222222222321e+00 -2.700000000000000178e-01
6.104166666666666075e+00 -2.899999999999999800e-01
6.111111111111110716e+00 -2.999999999999999889e-01
6.118055555555555358e+00 -3.099999999999999978e-01
6.125000000000000000e+00 -3.300000000000000155e-01
6.131944444444444642e+00 -3.400000000000000244e-01
6.138888888888889284e+00 -3.499999999999999778e-01
6.145833333333333037e+00 -3.599999999999999867e-01
6.152777777777777679e+00 -3.699999999999999956e-01
6.159722222222222321e+00 -3.800000000000000044e-01
6.166666666666666963e+00 -3.800000000000000044e-01
6.173611111111111605e+00 -3.800000000000000044e-01
6.180555555555556246e+00 -3.800000000000000044e-01
6.187500000000000000e+00 -3.800000000000000044e-01
6.194444444444444642e+00 -3.800000000000000044e-01
6.201388888888889284e+00 -3.800000000000000044e-01
6.208333333333333037e+00 -3.800000000000000044e-01
6.215277777777777679e+00 -3.699999999999999956e-01
6.222222222222222321e+00 -3.599999999999999867e-01
6.229166666666666075e+00 -3.499999999999999778e-01
6.236111111111110716e+00 -3.300000000000000155e-01
6.243055555555555358e+00 -3.099999999999999978e-01
6.250000000000000000e+00 -2.899999999999999800e-01
6.256944444444444642e+00 -2.600000000000000089e-01
6.263888888888889284e+00 -2.399999999999999911e-01
6.270833333333333037e+00 -2.099999999999999922e-01
6.277777777777777679e+00 -1.799999999999999933e-01
6.284722222222222321e+00 -1.400000000000000133e-01
6.291666666666666963e+00 -1.000000000000000056e-01
6.298611111111111605e+00 -5.000000000000000278e-02
6.305555555555556246e+00 1.000000000000000021e-02
6.312500000000000000e+00 8.000000000000000167e-02
6.319444444444444642e+00 1.600000000000000033e-01
6.326388888888889284e+00 2.500000000000000000e-01
6.333333333333333037e+00 3.499999999999999778e-01
6.340277777777777679e+00 4.500000000000000111e-01
6.347222222222222321e+00 5.600000000000000533e-01
6.354166666666666075e+00 6.500000000000000222e-01
6.361111111111110716e+00 7.399999999999999911e-01
6.368055555555555358e+00 8.199999999999999512e-01
6.375000000000000000e+00 8.900000000000000133e-01
6.381944444444444642e+00 9.399999999999999467e-01
6.388888888888889284e+00 9.799999999999999822e-01
6.395833333333333037e+00 1.000000000000000000e+00
6.402777777777777679e+00 1.010000000000000009e+00
6.409722222222222321e+00 1.000000000000000000e+00
6.416666666666666963e+00 9.899999999999999911e-01
6.423611111111111605e+00 9.599999999999999645e-01
6.430555555555556246e+00 9.200000000000000400e-01
6.437500000000000000e+00 8.800000000000000044e-01
6.444444444444444642e+00 8.299999999999999600e-01
6.451388888888889284e+00 7.700000000000000178e-01
6.458333333333333037e+00 7.099999999999999645e-01
6.465277777777777679e+00 6.400000000000000133e-01
6.472222222222222321e+00 5.799999999999999600e-01
6.479166666666666075e+00 5.100000000000000089e-01
6.486111111111110716e+00 4.500000000000000111e-01
6.493055555555555358e+00 3.800000000000000044e-01
6.500000000000000000e+00 3.200000000000000067e-01
6.506944444444444642e+00 2.500000000000000000e-01
6.513888888888889284e+00 1.799999999999999933e-01
6.520833333333333037e+00 1.000000000000000056e-01
6.527777777777777679e+00 2.000000000000000042e-02
6.534722222222222321e+00 -7.000000000000000666e-02
6.541666666666666963e+00 -1.600000000000000033e-01
6.548611111111111605e+00 -2.500000000000000000e-01
6.555555555555556246e+00 -3.400000000000000244e-01
6.562500000000000000e+00 -4.299999999999999933e-01
6.569444444444444642e+00 -5.100000000000000089e-01
6.576388888888889284e+00 -5.799999999999999600e-01
6.583333333333333037e+00 -6.400000000000000133e-01
6.590277777777777679e+00 -6.999999999999999556e-01
6.597222222222222321e+00 -7.399999999999999911e-01
6.604166666666666075e+00 -7.700000000000000178e-01
6.611111111111110716e+00 -7.900000000000000355e-01
6.618055555555555358e+00 -8.100000000000000533e-01
6.625000000000000000e+00 -8.100000000000000533e-01
6.631944444444444642e+00 -8.100000000000000533e-01
6.638888888888889284e+00 -8.100000000000000533e-01
6.645833333333333037e+00 -8.000000000000000444e-01
6.652777777777777679e+00 -7.800000000000000266e-01
6.659722222222222321e+00 -7.600000000000000089e-01
6.666666666666666963e+00 -7.399999999999999911e-01
6.673611111111111605e+00 -7.199999999999999734e-01
6.680555555555556246e+00 -6.999999999999999556e-01
6.687500000000000000e+00 -6.800000000000000488e-01
6.694444444444444642e+00 -6.600000000000000311e-01
6.701388888888889284e+00 -6.500000000000000222e-01
6.708333333333333037e+00 -6.400000000000000133e-01
6.715277777777777679e+00 -6.300000000000000044e-01
6.722222222222222321e+00 -6.300000000000000044e-01
6.729166666666666075e+00 -6.300000000000000044e-01
6.736111111111110716e+00 -6.199999999999999956e-01
6.743055555555555358e+00 -6.199999999999999956e-01
6.750000000000000000e+00 -6.099999999999999867e-01
6.756944444444444642e+00 -6.099999999999999867e-01
6.763888888888889284e+00 -5.899999999999999689e-01
6.770833333333333037e+00 -5.799999999999999600e-01
6.777777777777777679e+00 -5.500000000000000444e-01
6.784722222222222321e+00 -5.200000000000000178e-01
6.791666666666666963e+00 -4.799999999999999822e-01
6.798611111111111605e+00 -4.299999999999999933e-01
6.805555555555556246e+00 -3.699999999999999956e-01
6.812500000000000000e+00 -2.899999999999999800e-01
6.819444444444444642e+00 -2.000000000000000111e-01
6.826388888888889284e+00 -8.999999999999999667e-02
6.833333333333333037e+00 2.999999999999999889e-02
6.840277777777777679e+00 1.600000000000000033e-01
6.847222222222222321e+00 2.899999999999999800e-01
6.854166666666666075e+00 4.299999999999999933e-01
6.861111111111110716e+00 5.699999999999999512e-01
6.868055555555555358e+00 7.099999999999999645e-01
6.875000000000000000e+00 8.299999999999999600e-01
6.881944444444444642e+00 9.399999999999999467e-01
6.888888888888889284e+00 1.040000000000000036e+00
6.895833333333333037e+00 1.120000000000000107e+00
6.902777777777777679e+00 1.189999999999999947e+00
6.909722222222222321e+00 1.239999999999999991e+00
6.916666666666666963e+00 1.270000000000000018e+00
6.923611111111111605e+00 1.290000000000000036e+00
6.930555555555556246e+00 1.290000000000000036e+00
6.937500000000000000e+00 1.270000000000000018e+00
6.944444444444444642e+00 1.250000000000000000e+00
6.951388888888889284e+00 1.209999999999999964e+00
6.958333333333333037e+00 1.159999999999999920e+00
6.965277777777777679e+00 1.110000000000000098e+00
6.972222222222222321e+00 1.050000000000000044e+00
6.979166666666666075e+00 9.899999999999999911e-01
6.986111111111110716e+00 9.300000000000000488e-01
6.993055555555555358e+00 8.800000000000000044e-01
7.000000000000000000e+00 8.199999999999999512e-01
7.006944444444444642e+00 7.700000000000000178e-01
7.013888888888889284e+00 7.199999999999999734e-01
7.020833333333333037e+00 6.600000000000000311e-01
7.027777777777777679e+00 6.099999999999999867e-01
7.034722222222222321e+00 5.500000000000000444e-01
7.041666666666666963e+00 4.899999999999999911e-01
7.048611111111111605e+00 4.199999999999999845e-01
7.055555555555556246e+00 3.499999999999999778e-01
7.062500000000000000e+00 2.700000000000000178e-01
7.069444444444444642e+00 2.000000000000000111e-01
7.076388888888889284e+00 1.199999999999999956e-01
7.083333333333333037e+00 5.999999999999999778e-02
7.090277777777777679e+00 -1.000000000000000021e-02
7.097222222222222321e+00 -5.999999999999999778e-02
7.104166666666666075e+00 -1.100000000000000006e-01
7.111111111111110716e+00 -1.600000000000000033e-01
7.118055555555555358e+00 -1.900000000000000022e-01
7.125000000000000000e+00 -2.200000000000000011e-01
7.131944444444444642e+00 -2.500000000000000000e-01
7.138888888888889284e+00 -2.800000000000000266e-01
7.145833333333333037e+00 -2.999999999999999889e-01
7.152777777777777679e+00 -3.200000000000000067e-01
7.159722222222222321e+00 -3.400000000000000244e-01
7.166666666666666963e+00 -3.499999999999999778e-01
7.173611111111111605e+00 -3.599999999999999867e-01
7.180555555555556246e+00 -3.699999999999999956e-01
7.187500000000000000e+00 -3.699999999999999956e-01
7.194444444444444642e+00 -3.699999999999999956e-01
7.201388888888889284e+00 -3.599999999999999867e-01
7.208333333333333037e+00 -3.599999999999999867e-01
7.215277777777777679e+00 -3.599999999999999867e-01
7.222222222222222321e+00 -3.499999999999999778e-01
7.229166666666666075e+00 -3.499999999999999778e-01
7.236111111111110716e+00 -3.499999999999999778e-01
7.243055555555555358e+00 -3.499999999999999778e-01
7.250000000000000000e+00 -3.499999999999999778e-01
7.256944444444444642e+00 -3.499999999999999778e-01
7.263888888888889284e+00 -3.400000000000000244e-01
7.270833333333333037e+00 -3.400000000000000244e-01
7.277777777777777679e+00 -3.300000000000000155e-01
7.284722222222222321e+00 -3.200000000000000067e-01
7.291666666666666963e+00 -2.999999999999999889e-01
7.298611111111111605e+00 -2.899999999999999800e-01
7.305555555555556246e+00 -2.700000000000000178e-01
7.312500000000000000e+00 -2.399999999999999911e-01
7.319444444444444642e+00 -2.099999999999999922e-01
7.326388888888889284e+00 -1.799999999999999933e-01
7.333333333333333037e+00 -1.400000000000000133e-01
7.340277777777777679e+00 -8.999999999999999667e-02
7.347222222222222321e+00 -2.000000000000000042e-02
7.354166666666666075e+00 5.000000000000000278e-02
7.361111111111110716e+00 1.300000000000000044e-01
7.368055555555555358e+00 2.200000000000000011e-01
7.375000000000000000e+00 3.200000000000000067e-01
7.381944444444444642e+00 4.099999999999999756e-01
7.388888888888889284e+00 5.100000000000000089e-01
7.395833333333333037e+00 6.099999999999999867e-01
7.402777777777777679e+00 6.999999999999999556e-01
7.409722222222222321e+00 7.800000000000000266e-01
7.416666666666666963e+00 8.499999999999999778e-01
7.423611111111111605e+00 9.100000000000000311e-01
7.430555555555556246e+00 9.599999999999999645e-01
7.437500000000000000e+00 9.899999999999999911e-01
7.444444444444444642e+00 1.010000000000000009e+00
7.451388888888889284e+00 1.020000000000000018e+00
7.458333333333333037e+00 1.010000000000000009e+00
7.465277777777777679e+00 9.899999999999999911e-01
7.472222222222222321e+00 9.499999999999999556e-01
7.479166666666666075e+00 9.100000000000000311e-01
7.486111111111110716e+00 8.499999999999999778e-01
7.493055555555555358e+00 7.900000000000000355e-01
7.500000000000000000e+00 7.299999999999999822e-01
7.506944444444444642e+00 6.600000000000000311e-01
7.513888888888889284e+00 5.899999999999999689e-01
7.520833333333333037e+00 5.300000000000000266e-01
7.527777777777777679e+00 4.699999999999999734e-01
7.534722222222222321e+00 4.099999999999999756e-01
7.541666666666666963e+00 3.400000000000000244e-01
7.548611111111111605e+00 2.800000000000000266e-01
7.555555555555556246e+00 2.099999999999999922e-01
7.562500000000000000e+00 1.400000000000000133e-01
7.569444444444444642e+00 7.000000000000000666e-02
7.576388888888889284e+00 -1.000000000000000021e-02
7.583333333333333037e+00 -1.000000000000000056e-01
7.590277777777777679e+00 -1.799999999999999933e-01
7.597222222222222321e+00 -2.700000000000000178e-01
7.604166666666666075e+00 -3.499999999999999778e-01
7.611111111111110716e+00 -4.299999999999999933e-01
7.618055555555555358e+00 -5.000000000000000000e-01
7.625000000000000000e+00 -5.600000000000000533e-01
7.631944444444444642e+00 -6.199999999999999956e-01
7.638888888888889284e+00 -6.700000000000000400e-01
7.645833333333333037e+00 -6.999999999999999556e-01
7.652777777777777679e+00 -7.299999999999999822e-01
7.659722222222222321e+00 -7.500000000000000000e-01
7.666666666666666963e+00 -7.700000000000000178e-01
7.673611111111111605e+00 -7.700000000000000178e-01
7.680555555555556246e+00 -7.700000000000000178e-01
7.687500000000000000e+00 -7.600000000000000089e-01
7.694444444444444642e+00 -7.399999999999999911e-01
7.701388888888889284e+00 -7.199999999999999734e-01
7.708333333333333037e+00 -6.999999999999999556e-01
7.715277777777777679e+00 -6.800000000000000488e-01
7.722222222222222321e+00 -6.500000000000000222e-01
7.729166666666666075e+00 -6.400000000000000133e-01
7.736111111111110716e+00 -6.199999999999999956e-01
7.743055555555555358e+00 -6.099999999999999867e-01
7.750000000000000000e+00 -6.099999999999999867e-01
7.756944444444444642e+00 -5.999999999999999778e-01
7.763888888888889284e+00 -6.099999999999999867e-01
7.770833333333333037e+00 -6.099999999999999867e-01
7.777777777777777679e+00 -6.099999999999999867e-01
7.784722222222222321e+00 -6.199999999999999956e-01
7.791666666666666963e+00 -6.199999999999999956e-01
7.798611111111111605e+00 -6.199999999999999956e-01
7.805555555555556246e+00 -6.099999999999999867e-01
7.812500000000000000e+00 -5.999999999999999778e-01
7.819444444444444642e+00 -5.699999999999999512e-01
7.826388888888889284e+00 -5.400000000000000355e-01
7.833333333333333037e+00 -5.000000000000000000e-01
7.840277777777777679e+00 -4.500000000000000111e-01
7.847222222222222321e+00 -3.900000000000000133e-01
7.854166666666666075e+00 -3.200000000000000067e-01
7.861111111111110716e+00 -2.300000000000000100e-01
7.868055555555555358e+00 -1.300000000000000044e-01
7.875000000000000000e+00 -2.999999999999999889e-02
7.881944444444444642e+00 8.999999999999999667e-02
7.888888888888889284e+00 2.200000000000000011e-01
7.895833333333333037e+00 3.400000000000000244e-01
7.902777777777777679e+00 4.699999999999999734e-01
7.909722222222222321e+00 5.999999999999999778e-01
7.916666666666666963e+00 7.199999999999999734e-01
7.923611111111111605e+00 8.299999999999999600e-01
7.930555555555556246e+00 9.399999999999999467e-01
7.937500000000000000e+00 1.030000000000000027e+00
7.944444444444444642e+00 1.110000000000000098e+00
7.951388888888889284e+00 1.169999999999999929e+00
7.958333333333333037e+00 1.219999999999999973e+00
7.965277777777777679e+00 1.250000000000000000e+00
7.972222222222222321e+00 1.270000000000000018e+00
7.979166666666666075e+00 1.260000000000000009e+00
7.986111111111110716e+00 1.239999999999999991e+00
7.993055555555555358e+00 1.209999999999999964e+00
8.000000000000000000e+00 1.169999999999999929e+00
8.006944444444444642e+00 1.120000000000000107e+00
8.013888888888889284e+00 1.060000000000000053e+00
8.020833333333333925e+00 1.000000000000000000e+00
8.027777777777778567e+00 9.499999999999999556e-01
8.034722222222221433e+00 8.900000000000000133e-01
8.041666666666666075e+00 8.399999999999999689e-01
8.048611111111110716e+00 7.900000000000000355e-01
8.055555555555555358e+00 7.399999999999999911e-01
8.062500000000000000e+00 6.899999999999999467e-01
8.069444444444444642e+00 6.400000000000000133e-01
8.076388888888887507e+00 5.799999999999999600e-01
8.083333333333333925e+00 5.200000000000000178e-01
8.090277777777778567e+00 4.500000000000000111e-01
8.097222222222223209e+00 3.900000000000000133e-01
8.104166666666667851e+00 3.099999999999999978e-01
8.111111111111112493e+00 2.399999999999999911e-01
8.118055555555555358e+00 1.700000000000000122e-01
8.125000000000000000e+00 1.000000000000000056e-01
8.131944444444444642e+00 4.000000000000000083e-02
8.138888888888889284e+00 -2.000000000000000042e-02
8.145833333333333925e+00 -8.000000000000000167e-02
8.152777777777778567e+00 -1.300000000000000044e-01
8.159722222222221433e+00 -1.700000000000000122e-01
8.166666666666666075e+00 -2.200000000000000011e-01
8.173611111111110716e+00 -2.600000000000000089e-01
8.180555555555555358e+00 -2.899999999999999800e-01
8.187500000000000000e+00 -3.200000000000000067e-01
8.194444444444444642e+00 -3.499999999999999778e-01
8.201388888888887507e+00 -3.599999999999999867e-01
8.208333333333333925e+00 -3.699999999999999956e-01
8.215277777777778567e+00 -3.800000000000000044e-01
8.222222222222223209e+00 -3.800000000000000044e-01
8.229166666666667851e+00 -3.699999999999999956e-01
8.236111111111112493e+00 -3.699999999999999956e-01
8.243055555555555358e+00 -3.599999999999999867e-01
8.250000000000000000e+00 -3.599999999999999867e-01
8.256944444444444642e+00 -3.499999999999999778e-01
8.263888888888889284e+00 -3.499999999999999778e-01
8.270833333333333925e+00 -3.499999999999999778e-01
8.277777777777778567e+00 -3.599999999999999867e-01
8.284722222222221433e+00 -3.599999999999999867e-01
8.291666666666666075e+00 -3.699999999999999956e-01
8.298611111111110716e+00 -3.699999999999999956e-01
8.305555555555555358e+00 -3.699999999999999956e-01
8.312500000000000000e+00 -3.699999999999999956e-01
8.319444444444444642e+00 -3.699999999999999956e-01
8.326388888888887507e+00 -3.599999999999999867e-01
8.333333333333333925e+00 -3.499999999999999778e-01
8.340277777777778567e+00 -3.400000000000000244e-01
8.347222222222223209e+00 -3.300000000000000155e-01
8.354166666666667851e+00 -3.099999999999999978e-01
8.361111111111112493e+00 -2.800000000000000266e-01
8.368055555555555358e+00 -2.500000000000000000e-01
8.375000000000000000e+00 -2.000000000000000111e-01
8.381944444444444642e+00 -1.499999999999999944e-01
8.388888888888889284e+00 -8.999999999999999667e-02
8.395833333333333925e+00 -2.000000000000000042e-02
8.402777777777778567e+00 7.000000000000000666e-02
8.409722222222221433e+00 1.600000000000000033e-01
8.416666666666666075e+00 2.500000000000000000e-01
8.423611111111110716e+00 3.499999999999999778e-01
8.430555555555555358e+00 4.500000000000000111e-01
8.437500000000000000e+00 5.500000000000000444e-01
8.444444444444444642e+00 6.500000000000000222e-01
8.451388888888887507e+00 7.399999999999999911e-01
8.458333333333333925e+00 8.199999999999999512e-01
8.465277777777778567e+00 9.000000000000000222e-01
8.472222222222223209e+00 9.599999999999999645e-01
8.479166666666667851e+00 1.010000000000000009e+00
8.486111111111112493e+00 1.050000000000000044e+00
8.493055555555555358e+00 1.070000000000000062e+00
8.500000000000000000e+00 1.070000000000000062e+00
8.506944444444444642e+00 1.060000000000000053e+00
8.513888888888889284e+00 1.030000000000000027e+00
8.520833333333333925e+00 9.799999999999999822e-01
8.527777777777778567e+00 9.200000000000000400e-01
8.534722222222221433e+00 8.599999999999999867e-01
8.541666666666666075e+00 7.900000000000000355e-01
8.548611111111110716e+00 7.299999999999999822e-01
8.555555555555555358e+00 6.600000000000000311e-01
8.562500000000000000e+00 5.999999999999999778e-01
8.569444444444444642e+00 5.500000000000000444e-01
8.576388888888887507e+00 5.000000000000000000e-01
8.583333333333333925e+00 4.500000000000000111e-01
8.590277777777778567e+00 3.900000000000000133e-01
8.597222222222223209e+00 3.300000000000000155e-01
8.604166666666667851e+00 2.700000000000000178e-01
8.611111111111112493e+00 2.000000000000000111e-01
8.618055555555555358e+00 1.199999999999999956e-01
8.625000000000000000e+00 2.999999999999999889e-02
8.631944444444444642e+00 -5.000000000000000278e-02
8.638888888888889284e+00 -1.400000000000000133e-01
8.645833333333333925e+00 -2.300000000000000100e-01
8.652777777777778567e+00 -3.099999999999999978e-01
8.659722222222221433e+00 -3.900000000000000133e-01
8.666666666666666075e+00 -4.600000000000000200e-01
8.673611111111110716e+00 -5.200000000000000178e-01
8.680555555555555358e+00 -5.699999999999999512e-01
8.687500000000000000e+00 -6.199999999999999956e-01
8.694444444444444642e+00 -6.500000000000000222e-01
8.701388888888887507e+00 -6.800000000000000488e-01
8.708333333333333925e+00 -6.999999999999999556e-01
8.715277777777778567e+00 -6.999999999999999556e-01
8.722222222222223209e+00 -7.099999999999999645e-01
8.729166666666667851e+00 -6.999999999999999556e-01
8.736111111111112493e+00 -6.899999999999999467e-01
8.743055555555555358e+00 -6.700000000000000400e-01
8.750000000000000000e+00 -6.500000000000000222e-01
8.756944444444444642e+00 -6.300000000000000044e-01
8.763888888888889284e+00 -6.199999999999999956e-01
8.770833333333333925e+00 -5.999999999999999778e-01
8.777777777777778567e+00 -5.999999999999999778e-01
8.784722222222221433e+00 -5.899999999999999689e-01
8.791666666666666075e+00 -5.999999999999999778e-01
8.798611111111110716e+00 -5.999999999999999778e-01
8.805555555555555358e+00 -6.099999999999999867e-01
8.812500000000000000e+00 -6.199999999999999956e-01
8.819444444444444642e+00 -6.300000000000000044e-01
8.826388888888887507e+00 -6.400000000000000133e-01
8.833333333333333925e+00 -6.400000000000000133e-01
8.840277777777778567e+00 -6.400000000000000133e-01
8.847222222222223209e+00 -6.300000000000000044e-01
8.854166666666667851e+00 -6.199999999999999956e-01
8.861111111111112493e+00 -5.999999999999999778e-01
8.868055555555555358e+00 -5.699999999999999512e-01
8.875000000000000000e+00 -5.300000000000000266e-01
8.881944444444444642e+00 -4.899999999999999911e-01
8.888888888888889284e+00 -4.299999999999999933e-01
8.895833333333333925e+00 -3.699999999999999956e-01
8.902777777777778567e+00 -2.899999999999999800e-01
8.909722222222221433e+00 -2.099999999999999922e-01
8.916666666666666075e+00 -1.100000000000000006e-01
8.923611111111110716e+00 0.000000000000000000e+00
8.930555555555555358e+00 1.100000000000000006e-01
8.937500000000000000e+00 2.300000000000000100e-01
8.944444444444444642e+00 3.499999999999999778e-01
8.951388888888887507e+00 4.699999999999999734e-01
8.958333333333333925e+00 5.899999999999999689e-01
8.965277777777778567e+00 7.099999999999999645e-01
8.972222222222223209e+00 8.299999999999999600e-01
8.979166666666667851e+00 9.300000000000000488e-01
8.986111111111112493e+00 1.030000000000000027e+00
8.993055555555555358e+00 1.110000000000000098e+00
9.000000000000000000e+00 1.179999999999999938e+00
9.006944444444444642e+00 1.229999999999999982e+00
9.013888888888889284e+00 1.260000000000000009e+00
9.020833333333333925e+00 1.270000000000000018e+00
9.027777777777778567e+00 1.260000000000000009e+00
9.034722222222221433e+00 1.229999999999999982e+00
9.041666666666666075e+00 1.189999999999999947e+00
9.048611111111110716e+00 1.139999999999999902e+00
9.055555555555555358e+00 1.090000000000000080e+00
9.062500000000000000e+00 1.030000000000000027e+00
9.069444444444444642e+00 9.699999999999999734e-01
9.076388888888887507e+00 9.200000000000000400e-01
9.083333333333333925e+00 8.800000000000000044e-01
9.090277777777778567e+00 8.299999999999999600e-01
