# x, diffusivity, rel diff, damping coeff
1.000036078938865103e+01,2.385418013921547786e-06,1.927090069607739409e+01,4.638928906181116751e-03
2.000036078938865103e+01,2.180689254371673737e-06,9.034462718583691654e+00,9.143137190050443230e-03
3.000036078938865103e+01,2.114527619450926210e-06,5.726380972546315284e+00,1.362599344602966056e-02
4.000036078938865103e+01,2.081880741634597765e-06,4.094037081729892336e+00,1.808771531579711489e-02
5.000036078938865103e+01,2.062446298238840805e-06,3.122314911942044802e+00,2.252847764124199514e-02
6.000036078938865103e+01,2.049565282644974813e-06,2.478264132248745533e+00,2.694816211770334480e-02
7.000036078938865103e+01,2.040416186457940777e-06,2.020809322897043625e+00,3.134710332803258837e-02
8.000036078938865103e+01,2.033588395834238768e-06,1.679419791711942889e+00,3.572524415220834637e-02
9.000036078938865103e+01,2.028303664379663329e-06,1.415183218983171010e+00,4.008274329925143320e-02
1.000003607893886510e+02,2.024096744359621252e-06,1.204837217981067132e+00,4.441970390704597094e-02
1.100003607893886510e+02,2.020672959349227702e-06,1.033647967461389650e+00,4.873621183623322306e-02
1.200003607893886510e+02,2.017835428261287383e-06,8.917714130643736858e-01,5.303231502334260217e-02
1.300003607893886510e+02,2.015446334980297436e-06,7.723167490148763470e-01,5.730825333174816016e-02
1.400003607893886510e+02,2.013410724167373717e-06,6.705362083686904340e-01,6.156400250252813677e-02
1.500003607893886510e+02,2.011660826863978404e-06,5.830413431989247552e-01,6.579962546410467183e-02
1.600003607893886510e+02,2.010136114548335207e-06,5.068057274167648840e-01,7.001540222442970141e-02
1.700003607893886510e+02,2.008802832472859787e-06,4.401416236429939177e-01,7.421122150343928414e-02
1.800003607893886510e+02,2.007627577364218275e-06,3.813788682109182648e-01,7.838730764929113803e-02
1.900003607893886510e+02,2.006581428028174808e-06,3.290714014087449124e-01,8.254368673655931854e-02
2.000003607893886510e+02,2.005648935676313104e-06,2.824467838156597410e-01,8.668051081594541074e-02
2.100003607893886510e+02,2.004812182341278248e-06,2.406091170639169108e-01,9.079780208330368030e-02
2.200003607893886510e+02,2.004060288559816303e-06,2.030144279908197014e-01,9.489576007058875273e-02
2.300003607893886510e+02,2.003379930815367462e-06,1.689965407683776122e-01,9.897435876173743541e-02
2.400003607893886510e+02,2.002762357844205388e-06,1.381178922102739293e-01,1.030337907686376120e-01
2.500003607893886510e+02,2.002199605970248519e-06,1.099802985124304772e-01,1.070740469256056260e-01
2.600003607893886510e+02,2.001686284609620246e-06,8.431423048101681361e-02,1.110954218465342036e-01
2.700003607893886510e+02,2.001216253287505411e-06,6.081266437527509117e-02,1.150976751281307386e-01
2.800003607893886510e+02,2.000785977658573016e-06,3.929888292865533345e-02,1.190812100474968327e-01
2.900003607893886510e+02,2.000390041468998038e-06,1.950207344990640551e-02,1.230459068263273226e-01
3.000003607893886510e+02,2.000026546119516204e-06,1.327305975814715468e-03,1.269920757572853276e-01
3.100003607893886510e+02,1.999690680461315491e-06,1.546597693422093953e-02,1.309195492751150658e-01
3.200003607893886510e+02,1.999379795883076262e-06,3.101020584618238360e-02,1.348286472350539444e-01
3.300003607893886510e+02,1.999092135410353163e-06,4.539322948233733002e-02,1.387192168977252615e-01
3.400003607893886510e+02,1.998826244696649599e-06,5.868776516751553207e-02,1.425915954902481353e-01
3.500003607893886510e+02,1.998578213673582910e-06,7.108931632084998509e-02,1.464455659536395560e-01
3.600003607893886510e+02,1.998347579209966236e-06,8.262103950168368793e-02,1.502815223728642957e-01
3.700003607893886510e+02,1.998135075528873660e-06,9.324622355631248527e-02,1.540995079178527627e-01
3.800003607893886510e+02,1.997936578560290149e-06,1.031710719854879998e-01,1.578994864039068302e-01
3.900003607893886510e+02,1.997752249294245333e-06,1.123875352877287959e-01,1.616815148820441861e-01
4.000003607893886510e+02,1.997579238682198231e-06,1.210380658900839373e-01,1.654457266261812887e-01
4.100003607893886510e+02,1.997419497627779769e-06,1.290251186110070170e-01,1.691923652287075086e-01
4.200003607893886510e+02,1.997269620319591713e-06,1.365189840204098226e-01,1.729212488448923501e-01
4.300003607893886510e+02,1.997131128029786925e-06,1.434435985106492228e-01,1.766327024215809116e-01
4.400003607893886510e+02,1.997001106371676883e-06,1.499446814161513319e-01,1.803266207900381390e-01
4.500003607893886510e+02,1.996879223867241471e-06,1.560388066379219396e-01,1.840031927145803214e-01
4.600003607893886510e+02,1.996765935918250925e-06,1.617032040874492038e-01,1.876624717793646813e-01
4.700003607893886510e+02,1.996660595328289404e-06,1.669702335855252628e-01,1.913045856224828700e-01
4.800003607893886510e+02,1.996562766006756260e-06,1.718616996621824822e-01,1.949295146488515540e-01
4.900003607893886510e+02,1.996471915949225508e-06,1.764042025387200785e-01,1.985375374137260396e-01
5.000003607893886510e+02,1.996385730608707701e-06,1.807134695646104294e-01,2.021283857358768810e-01
5.100003607893886510e+02,1.996306242265787755e-06,1.846878867106077071e-01,2.057024895271093445e-01
5.200003607893886510e+02,1.996231583556306200e-06,1.884208221846855047e-01,2.092596646076099187e-01
5.300003607893886510e+02,1.996163038287207284e-06,1.918480856396312662e-01,2.128002831447586285e-01
5.400003607893886510e+02,1.996098954830494686e-06,1.950522584752611699e-01,2.163241039594231419e-01
5.500003607893886510e+02,1.996039841160076976e-06,1.980079419961467135e-01,2.198314285999387607e-01
5.600003607893886510e+02,1.995984163809549486e-06,2.007918095225211808e-01,2.233222871801672227e-01
5.700003607893886510e+02,1.995934122465744166e-06,2.032938767127871749e-01,2.267966919080383059e-01
5.800003607893886510e+02,1.995887354343476410e-06,2.056322828261749613e-01,2.302547378501553776e-01
5.900003607893886510e+02,1.995843876306146441e-06,2.078061846926733958e-01,2.336964107105761190e-01
6.000003607893886510e+02,1.995803885476553470e-06,2.098057261723219880e-01,2.371221206579393614e-01
6.100003607893886510e+02,1.995768145789660842e-06,2.115927105169533862e-01,2.405316938822562589e-01
6.200003607893886510e+02,1.995734956999232455e-06,2.132521500383727231e-01,2.439251230462607944e-01
6.300003607893886510e+02,1.995704962092712213e-06,2.147518953643847983e-01,2.473027899347391978e-01
6.400003607893886510e+02,1.995676572011247267e-06,2.161713994376321391e-01,2.506644574041466678e-01
6.500003607893886510e+02,1.995651299699336507e-06,2.174350150331701426e-01,2.540103079299058653e-01
6.600003607893886510e+02,1.995643021649971680e-06,2.178489175014114709e-01,2.573405321243213972e-01
6.700003607893886510e+02,1.995622871423330613e-06,2.188564288334648444e-01,2.606550569126986350e-01
6.800003607893886510e+02,1.995605246843790267e-06,2.197376578104821010e-01,2.639540126247557073e-01
6.900003607893886510e+02,1.995589441538791439e-06,2.205279230604235419e-01,2.672374635337650961e-01
7.000003607893886510e+02,1.995576183004889607e-06,2.211908497555150899e-01,2.705055368106212832e-01
7.100003607893886510e+02,1.995565041410007283e-06,2.217479294996313466e-01,2.737581543638372139e-01
7.200003607893886510e+02,1.995554631530948484e-06,2.222684234525713065e-01,2.769954522846757028e-01
7.300003607893886510e+02,1.995546217872389766e-06,2.226891063805071791e-01,2.802176288885979138e-01
7.400003607893886510e+02,1.995539538162093577e-06,2.230230918953166330e-01,2.834245950465713593e-01
7.500003607893886510e+02,1.995534106957644486e-06,2.232946521177711641e-01,2.866164505199104706e-01
7.600003607893886510e+02,1.995531036832683073e-06,2.234481583658418369e-01,2.897934102922601340e-01
7.700003607893886510e+02,1.995529204588763126e-06,2.235397705618391850e-01,2.929553946133778286e-01
7.800003607893886510e+02,1.995530219622337370e-06,2.234890188831269997e-01,2.961025147175032624e-01
7.900003607893886510e+02,1.995531154906104528e-06,2.234422546947690547e-01,2.992348348984666950e-01
8.000003607893886510e+02,1.995538113584300980e-06,2.230943207849464538e-01,3.023524379472239954e-01
8.100003607893886510e+02,1.995540917682330228e-06,2.229541158834840997e-01,3.054554066666040901e-01
8.200003607893886510e+02,1.995545202705722081e-06,2.227398647138914278e-01,3.085437798427965728e-01
8.300003607893886510e+02,1.995550677173202693e-06,2.224661413398608401e-01,3.116176111743816923e-01
8.400003607893886510e+02,1.995558959891552886e-06,2.220520054223512063e-01,3.146770710131375770e-01
8.500003607893886510e+02,1.995566313392406317e-06,2.216843303796795783e-01,3.177220797124818974e-01
8.600003607893886510e+02,1.995574904576959903e-06,2.212547711520003180e-01,3.207527598699000393e-01
8.700003607893886510e+02,1.995583819591242407e-06,2.208090204378751475e-01,3.237691843964797256e-01
8.800003607893886510e+02,1.995592923319108923e-06,2.203538340445493626e-01,3.267713644546847984e-01
8.900003607893886510e+02,1.995603695834241439e-06,2.198152082879235580e-01,3.297595694721279225e-01
9.000003607893886510e+02,1.995615259467790865e-06,2.192370266104521903e-01,3.327336490763465049e-01
9.100003607893886510e+02,1.995652949796364823e-06,2.173525101817543603e-01,3.356937811936102634e-01
9.200003607893886510e+02,1.995665817265342172e-06,2.167091367328868590e-01,3.386400334686002767e-01
9.300003607893886510e+02,1.995680111041427713e-06,2.159944479286098618e-01,3.415723333353186675e-01
9.400003607893886510e+02,1.995693666212442119e-06,2.153166893778895308e-01,3.444908940178406098e-01
9.500003607893886510e+02,1.995708563954304214e-06,2.145718022847847850e-01,3.473957065224166918e-01
9.600003607893886510e+02,1.995724215526330679e-06,2.137892236834615101e-01,3.502869210924266508e-01
9.700003607893886510e+02,1.995740490104004561e-06,2.129754947997674064e-01,3.531645466910028341e-01
9.800003607893886510e+02,1.995756599364073207e-06,2.121700317963351734e-01,3.560285581213686878e-01
9.900003607893886510e+02,1.995773862852329726e-06,2.113068573835091835e-01,3.588791103646137293e-01
1.000000360789388651e+03,1.995791264325101077e-06,2.104367837449415968e-01,3.617162531396627134e-01
1.010000360789388651e+03,1.995809331443602256e-06,2.095334278198826838e-01,3.645401464204276465e-01
1.020000360789388651e+03,1.995827374392241054e-06,2.086312803879427635e-01,3.673506894134217493e-01
1.030000360789388651e+03,1.995845712448164528e-06,2.077143775917690838e-01,3.701480375906462950e-01
1.040000360789388651e+03,1.995864727833663671e-06,2.067636083168119532e-01,3.729322260526078958e-01
1.050000360789388651e+03,1.995884093621809454e-06,2.057953189095227675e-01,3.757033499237083518e-01
1.060000360789388651e+03,1.995903778358118931e-06,2.048110820940489407e-01,3.784613020118076099e-01
1.070000360789388651e+03,1.995923931044492854e-06,2.038034477753527529e-01,3.812064701765008889e-01
1.080000360789388651e+03,1.995944318810114868e-06,2.027840594942520447e-01,3.839387183643813151e-01
1.090000360789388651e+03,1.995964670660893632e-06,2.017664669553138890e-01,3.866579600696745667e-01
1.100000360789388651e+03,1.995985027916677724e-06,2.007486041661092624e-01,3.893644762109872426e-01
1.110000360789388651e+03,1.996118821651105566e-06,1.940589174447172049e-01,3.920582558416225716e-01
1.120000360789388651e+03,1.996142178316490624e-06,1.928910841754643002e-01,3.947394012258654827e-01
1.130000360789388651e+03,1.996165365330896050e-06,1.917317334551930097e-01,3.974079057041093321e-01
1.140000360789388651e+03,1.996188387170096453e-06,1.905806414951728145e-01,4.000638238647530320e-01
1.150000360789388651e+03,1.996212394550374806e-06,1.893802724812551630e-01,4.027071968821164250e-01
1.160000360789388651e+03,1.996235831936468726e-06,1.882084031765592080e-01,4.053382659155907453e-01
1.170000360789388651e+03,1.996259849213494857e-06,1.870075393252526030e-01,4.079569025743114974e-01
1.180000360789388651e+03,1.996283507356925968e-06,1.858246321536970724e-01,4.105632100068553614e-01
1.190000360789388651e+03,1.996307802434626562e-06,1.846098782686673712e-01,4.131572385696068439e-01
1.200000360789388651e+03,1.996331590931123712e-06,1.834204534438098888e-01,4.157390502814352073e-01
1.210000360789388651e+03,1.996356090884024380e-06,1.821954557987764955e-01,4.183087645999392645e-01
1.220000360789388651e+03,1.996380421333227505e-06,1.809789333386202237e-01,4.208663027770750409e-01
1.230000360789388651e+03,1.996404510301045367e-06,1.797744849477271034e-01,4.234118074892285755e-01
1.240000360789388651e+03,1.996428132606174090e-06,1.785933696912909707e-01,4.259453853159881342e-01
1.250000360789388651e+03,1.996452995327946301e-06,1.773502336026804294e-01,4.284669947857141503e-01
1.260000360789388651e+03,1.996477166640209350e-06,1.761416679895279891e-01,4.309767058739373269e-01
1.270000360789388651e+03,1.996501380016323801e-06,1.749309991838054190e-01,4.334746044403772203e-01
1.280000360789388651e+03,1.996526226323617745e-06,1.736886838191082361e-01,4.359608562582445446e-01
1.290000360789388651e+03,1.996550273243749406e-06,1.724863378125252034e-01,4.384352565640545762e-01
1.300000360789388651e+03,1.996574713762306505e-06,1.712643118846702006e-01,4.408981155191326051e-01
1.310000360789388651e+03,1.996598654528456298e-06,1.700672735771805999e-01,4.433493126428232900e-01
1.320000360789388651e+03,1.996623119728104630e-06,1.688440135947639753e-01,4.457889354751248812e-01
1.330000360789388651e+03,1.996647231800108158e-06,1.676384099945875394e-01,4.482170841857463506e-01
1.340000360789388651e+03,1.996671382084220944e-06,1.664308957889482632e-01,4.506338791759005868e-01
1.350000360789388651e+03,1.996695308705196227e-06,1.652345647401841366e-01,4.530391711218569872e-01
1.360000360789388651e+03,1.996719212528825647e-06,1.640393735587131196e-01,4.554332349618052111e-01
1.370000360789388651e+03,1.996743291826109432e-06,1.628354086945238699e-01,4.578160332041349978e-01
1.380000360789388651e+03,1.996767022417940141e-06,1.616488791029884464e-01,4.601875082457913546e-01
1.390406860351562500e+03,1.996791777316196780e-06,1.604111341901565124e-01,4.626435944542854894e-01
1.400479736328125000e+03,1.996815481035417652e-06,1.592259482291128736e-01,4.650093433637509932e-01
1.409607177734375000e+03,1.996837876821878455e-06,1.581061589060727690e-01,4.671436436791739366e-01
1.419818847656250000e+03,1.996862006057773073e-06,1.568996971113418293e-01,4.695203181301613737e-01
1.430104492187500000e+03,1.996885923024769960e-06,1.557038487614974820e-01,4.719026685792406806e-01
1.440464721679687500e+03,1.996909601213575851e-06,1.545199393212029204e-01,4.742906504732541384e-01
1.449852905273437500e+03,1.996931108764298234e-06,1.534445617850837829e-01,4.764445002111542538e-01
1.460356079101562500e+03,1.996954954738278545e-06,1.522522630860682624e-01,4.788428971347610252e-01
1.469873779296875000e+03,1.996976539055206032e-06,1.511730472396939085e-01,4.810059317895399866e-01
1.480521850585937500e+03,1.997000474284420032e-06,1.499762857789938564e-01,4.834144173537315847e-01
1.490170898437500000e+03,1.997021950155338541e-06,1.489024922330684231e-01,4.855864292585523323e-01
1.499882934570312500e+03,1.997043280816509672e-06,1.478359591745118662e-01,4.877627853452266571e-01
1.509658203125000000e+03,1.997064475952305482e-06,1.467762023847213881e-01,4.899431256970000481e-01
1.519497070312500000e+03,1.997085913841186245e-06,1.457043079406832309e-01,4.921275583010615851e-01
1.530504394531250000e+03,1.997109269238411786e-06,1.445365380794061960e-01,4.945593352766276540e-01
1.540479125976562500e+03,1.997130311445057640e-06,1.434844277471134799e-01,4.967521608894116536e-01
1.550518676757812500e+03,1.997151640330267496e-06,1.424179834866206584e-01,4.989488123888132787e-01
1.559497558593750000e+03,1.997170440238640565e-06,1.414779880679672419e-01,5.009045898352394444e-01
1.569661010742187500e+03,1.997191842699525512e-06,1.404078650237199077e-01,5.031083482260150230e-01
1.579890869140625000e+03,1.997211736604578156e-06,1.394131697710876694e-01,5.053158593891686756e-01
1.590187255859375000e+03,1.997232647341612270e-06,1.383676329193819776e-01,5.075269468204546275e-01
1.600550659179687500e+03,1.997253118918600351e-06,1.373440540699779333e-01,5.097415794801845035e-01
1.609819213867187500e+03,1.997271028345928534e-06,1.364485827035687993e-01,5.117130927662174589e-01
1.620310424804687500e+03,1.997291840059563745e-06,1.354079970218082518e-01,5.139343798994951973e-01
1.629693237304687500e+03,1.997309772496911669e-06,1.345113751544119995e-01,5.159115652277290742e-01
1.640314331054687500e+03,1.997328796588061285e-06,1.335601705969312603e-01,5.181390663408549369e-01
1.649813354492187500e+03,1.997345502621468514e-06,1.327248689265697890e-01,5.201217681608358845e-01
1.660565063476562500e+03,1.997365138680206092e-06,1.317430659896908773e-01,5.223554226122766320e-01
1.670180908203125000e+03,1.997382460076737836e-06,1.308769961631036927e-01,5.243433225418859811e-01
1.679852416992187500e+03,1.997399434841045262e-06,1.300282579477324008e-01,5.263337955316671479e-01
1.689579956054687500e+03,1.997416436635668201e-06,1.291781682165854539e-01,5.283266036378011510e-01
1.700590820312500000e+03,1.997435196575137398e-06,1.282401712431255891e-01,5.305712649478023790e-01
1.710438354492187500e+03,1.997451784659662849e-06,1.274107670168530271e-01,5.325688833457755678e-01
1.720342773437500000e+03,1.997468002584414310e-06,1.265998707792800049e-01,5.345687244248327197e-01
1.730304687500000000e+03,1.997483881104087445e-06,1.258059447956232368e-01,5.365706328856203466e-01
1.740324218750000000e+03,1.997499761889490705e-06,1.250119055254602374e-01,5.385747497366304426e-01
1.750401611328125000e+03,1.997515444333665388e-06,1.242277833167260565e-01,5.405809036437506654e-01
1.760537475585937500e+03,1.997530762021106716e-06,1.234618989446596704e-01,5.425889348318447825e-01
1.769454467773437500e+03,1.997543898852711599e-06,1.228050573644155485e-01,5.443476710127244100e-01
1.779700439453125000e+03,1.997559164120756233e-06,1.220417939621838421e-01,5.463593238842429090e-01
1.790005615234375000e+03,1.997574238013244294e-06,1.212880993377807859e-01,5.483728645438303850e-01
1.800370605468750000e+03,1.997588642551317049e-06,1.205678724341430058e-01,5.503881211636377779e-01
1.809489135742187500e+03,1.997601113828652605e-06,1.199443085673652376e-01,5.521529680837746756e-01
1.819966796875000000e+03,1.997614947621040590e-06,1.192526189479659604e-01,5.541713850663813057e-01
1.830505126953125000e+03,1.997628726913010420e-06,1.185636543494744538e-01,5.561915252020046552e-01
1.839776123046875000e+03,1.997640298855994564e-06,1.179850572002672515e-01,5.579603752762727353e-01
1.850429199218750000e+03,1.997653450075561128e-06,1.173274962219390677e-01,5.599833632139106232e-01
1.859801269531250000e+03,1.997663951184479271e-06,1.168024407760319544e-01,5.617547017284416633e-01
1.870569824218750000e+03,1.997677105464746873e-06,1.161447267626518065e-01,5.637803159235137418e-01
1.880043579101562500e+03,1.997687950632660838e-06,1.156024683669535785e-01,5.655538581172784296e-01
1.889565185546875000e+03,1.997698744888060310e-06,1.150627555969799959e-01,5.673284400721640974e-01
1.900506469726562500e+03,1.997709508580201609e-06,1.145245709899150310e-01,5.693575939393595853e-01
1.910131958007812500e+03,1.997718873827586036e-06,1.140563086206936860e-01,5.711340876740154116e-01
1.919806030273437500e+03,1.997728417026795474e-06,1.135791486602217709e-01,5.729115369529572677e-01
1.929529174804687500e+03,1.997737375627157277e-06,1.131312186421316313e-01,5.746897392957215356e-01
1.939301513671875000e+03,1.997745794502159083e-06,1.127102748920413150e-01,5.764687719196153193e-01
1.950530517578125000e+03,1.997754997685703108e-06,1.122501157148400736e-01,5.785027443092882748e-01
1.960409179687500000e+03,1.997763004469245885e-06,1.118497765377012565e-01,5.802833579766354388e-01
1.970337890625000000e+03,1.997770473129123923e-06,1.114763435437993583e-01,5.820645221341953501e-01
1.980316772460937500e+03,1.997777714497075785e-06,1.111142751462062400e-01,5.838463638951603141e-01
1.990346313476562500e+03,1.997783955726947061e-06,1.108022136526424228e-01,5.856286258459988403e-01
2.000426391601562500e+03,1.997790767513408931e-06,1.104616243295489381e-01,5.874116140416461018e-01
2.010557617187500000e+03,1.997796392990477762e-06,1.101803504761073860e-01,5.891949041473902859e-01
2.019282348632812500e+03,1.997801372557527736e-06,1.099313721236086644e-01,5.907239545541536074e-01
2.029509033203125000e+03,1.997806268526215018e-06,1.096865736892445736e-01,5.925080701136105077e-01
2.039787353515625000e+03,1.997811397121828649e-06,1.094301439085630517e-01,5.942926461058291032e-01
2.050117919921875000e+03,1.997815560760460958e-06,1.092219619769475708e-01,5.960775371191482375e-01
2.060500732421875000e+03,1.997818901591868099e-06,1.090549204065905387e-01,5.978625839556923616e-01
2.069441894531250000e+03,1.997822521141525247e-06,1.088739429237331052e-01,5.993928815721047965e-01
2.079922607421875000e+03,1.997825164201608211e-06,1.087417899195849136e-01,6.011784467627752093e-01
2.090456054687500000e+03,1.997827709893534412e-06,1.086145053232748930e-01,6.029641079096510481e-01
2.099527587890625000e+03,1.997829029797404349e-06,1.085485101297780502e-01,6.044947781964407074e-01
2.110160156250000000e+03,1.997831123713481779e-06,1.084438143259065235e-01,6.062806620800410551e-01
2.119316894531250000e+03,1.997832160312465733e-06,1.083919843767088276e-01,6.078113339171660190e-01
2.130050048828125000e+03,1.997831995244775449e-06,1.084002377612229978e-01,6.095971572638276825e-01
2.139292968750000000e+03,1.997832548489378442e-06,1.083725755310733924e-01,6.111279217611178538e-01
2.150127197265625000e+03,1.997832006885514515e-06,1.083996557242697389e-01,6.129136394654086661e-01
2.159457275390625000e+03,1.997830962899601545e-06,1.084518550199182474e-01,6.144440654296634552e-01
2.170393554687500000e+03,1.997829349904062628e-06,1.085325047968641043e-01,6.162295081947208875e-01
2.179811523437500000e+03,1.997827573281031265e-06,1.086213359484322211e-01,6.177596145442815212e-01
2.189270507812500000e+03,1.997824940583304162e-06,1.087529708347873963e-01,6.192896000563503645e-01
2.200357910156250000e+03,1.997821299549510539e-06,1.089350225244685305e-01,6.210742551792995947e-01
2.209905761718750000e+03,1.997818574685827748e-06,1.090712657086080617e-01,6.226037882122905653e-01
2.219495117187500000e+03,1.997814684311613328e-06,1.092657844193290900e-01,6.241329521520192491e-01
2.230735107421875000e+03,1.997809899152699471e-06,1.095050423650218985e-01,6.259166033915469773e-01
2.240414794921875000e+03,1.997805037223801474e-06,1.097481388099218053e-01,6.274450027854528988e-01
2.250136230468750000e+03,1.997800367784318962e-06,1.099816107840473761e-01,6.289730582674073478e-01
2.259900146484375000e+03,1.997794360404851717e-06,1.102819797574096511e-01,6.305007187613076436e-01
2.269706542968750000e+03,1.997787657693283519e-06,1.106171153358195547e-01,6.320279143964032675e-01
2.279555175781250000e+03,1.997780700762067110e-06,1.109649618966399992e-01,6.335547215529030440e-01
2.289446533203125000e+03,1.997773517252927983e-06,1.113241373535963225e-01,6.350809926108663683e-01
2.299381347656250000e+03,1.997764810859406611e-06,1.117594570296649298e-01,6.366066586746291778e-01
2.309358398437500000e+03,1.997756957187779782e-06,1.121521406110063679e-01,6.381318083230411720e-01
2.319379394531250000e+03,1.997747292687339684e-06,1.126353656330112973e-01,6.396564840209073566e-01
2.329443359375000000e+03,1.997737839085855779e-06,1.131080457072065337e-01,6.411803788796647252e-01
2.339550781250000000e+03,1.997728455890251893e-06,1.135772054874008286e-01,6.427037717794279459e-01
2.349702148437500000e+03,1.997717619499920556e-06,1.141190250039677001e-01,6.442263932014136163e-01
2.359897460937500000e+03,1.997706979673576653e-06,1.146510163211628408e-01,6.457483099407401728e-01
2.370137207031250000e+03,1.997695028978486232e-06,1.152485510756838943e-01,6.472695983375148510e-01
2.380421875000000000e+03,1.997681773684411308e-06,1.159113157794300908e-01,6.487900464571779713e-01
2.390750488281250000e+03,1.997668696016333232e-06,1.165651991833338702e-01,6.503096488687731824e-01
2.399392333984375000e+03,1.997656798075422078e-06,1.171600962288915915e-01,6.515753693387439371e-01
2.409803710937500000e+03,1.997641689366427378e-06,1.179155316786265756e-01,6.530935726277196096e-01
2.420260009765625000e+03,1.997626379219510092e-06,1.186810390244908558e-01,6.546107887486423138e-01
2.430761962890625000e+03,1.997609777394041782e-06,1.195111302979063733e-01,6.561270423672811436e-01
2.439548095703125000e+03,1.997595971179903912e-06,1.202014410047999027e-01,6.573899300129388834e-01
2.450133300781250000e+03,1.997578977198458568e-06,1.210511400770670765e-01,6.589045779130725533e-01
2.460764404296875000e+03,1.997561170289617198e-06,1.219414855191355701e-01,6.604182543170802333e-01
2.469659179687500000e+03,1.997544985823439648e-06,1.227507088280130609e-01,6.616787629892637579e-01
2.480375000000000000e+03,1.997525620312682756e-06,1.237189843658576954e-01,6.631904188787606236e-01
2.489340576171875000e+03,1.997508526474989128e-06,1.245736762505390699e-01,6.644493111696037069e-01
2.500141845703125000e+03,1.997487835697006852e-06,1.256082151496528965e-01,6.659590015858176670e-01
2.509178710937500000e+03,1.997469683163527513e-06,1.265158418236198568e-01,6.672162704964471613e-01
2.520066162109375000e+03,1.997446813340953223e-06,1.276593329523343090e-01,6.687238114948551582e-01
2.529174804687500000e+03,1.997428068374864482e-06,1.285965812567713973e-01,6.699792794329422208e-01
2.540148925781250000e+03,1.997404270542463785e-06,1.297864728768062248e-01,6.714845944024669944e-01
2.549330322265625000e+03,1.997383335070319759e-06,1.308332464840075149e-01,6.727381874654130289e-01
2.560391845703125000e+03,1.997357715713669895e-06,1.321142143165007221e-01,6.742412213924200426e-01
2.569646484375000000e+03,1.997335782272863950e-06,1.332108863567979806e-01,6.754927543369966259e-01
2.580796142578125000e+03,1.997308349396390272e-06,1.345825301804818575e-01,6.769934661647456497e-01
2.590124267578125000e+03,1.997285542095648007e-06,1.357228952175951187e-01,6.782429789976234247e-01
2.599486328125000000e+03,1.997261192015411515e-06,1.369403992294197514e-01,6.794915326989884319e-01
2.610765625000000000e+03,1.997231063671153162e-06,1.384468164423373615e-01,6.809885006210025793e-01
2.620202148437500000e+03,1.997205947989249134e-06,1.397026005375387736e-01,6.822349302999072274e-01
2.629672851562500000e+03,1.997179653387316727e-06,1.410173306341591382e-01,6.834803379363059150e-01
2.639177734375000000e+03,1.997152808169122021e-06,1.423595915438944093e-01,6.847245880213901348e-01
2.650628906250000000e+03,1.997119405425777937e-06,1.440297287110986479e-01,6.862164020214258642e-01
2.660209716796875000e+03,1.997090755661156580e-06,1.454622169421664890e-01,6.874583786374441896e-01
2.669824707031250000e+03,1.997062073362072988e-06,1.468963318963460996e-01,6.886993783381041290e-01
2.679474853515625000e+03,1.997032119668446896e-06,1.483940165776506670e-01,6.899391170951005847e-01
2.689159667968750000e+03,1.997001404460462052e-06,1.499297769768929145e-01,6.911779443574175286e-01
2.700827880859375000e+03,1.996963768870750260e-06,1.518115564624825109e-01,6.926628125353045951e-01
2.710589599609375000e+03,1.996931406851828100e-06,1.534296574085904918e-01,6.938989464732878698e-01
2.720386962890625000e+03,1.996898455870791693e-06,1.550772064604108158e-01,6.951339745701479167e-01
2.730219482421875000e+03,1.996864752415686853e-06,1.567623792156528362e-01,6.963678278196792082e-01
2.740087890625000000e+03,1.996829726789181583e-06,1.585136605409163679e-01,6.976003301032988047e-01
2.749991455078125000e+03,1.996794862161993235e-06,1.602568919003337644e-01,6.988317792691005614e-01
2.759930908203125000e+03,1.996758690469493799e-06,1.620654765253055074e-01,7.000618107670804058e-01
2.769906738281250000e+03,1.996721306311104483e-06,1.639346844447713558e-01,7.012906559162701559e-01
2.779918212890625000e+03,1.996683935667442629e-06,1.658032166278639863e-01,7.025182346973311009e-01
2.789965820312500000e+03,1.996644973216941712e-06,1.677513391529098785e-01,7.037444650046551509e-01
2.800050048828125000e+03,1.996605118432935700e-06,1.697440783532104813e-01,7.049694381946810529e-01
2.810170898437500000e+03,1.996564088345441038e-06,1.717955827279435688e-01,7.061930353962337925e-01
2.820328369140625000e+03,1.996522168643342504e-06,1.738915678328702974e-01,7.074153400050177121e-01
2.830522460937500000e+03,1.996479534108334189e-06,1.760232945832860552e-01,7.086363296014935864e-01
2.840753173828125000e+03,1.996436145154495627e-06,1.781927422752141166e-01,7.098559184387862597e-01
2.851020507812500000e+03,1.996392324651319802e-06,1.803837674340053876e-01,7.110739767103808617e-01
2.859261474609375000e+03,1.996356064603804399e-06,1.821967698097755328e-01,7.120475668079542242e-01
2.869595703125000000e+03,1.996310494864416186e-06,1.844752567791861642e-01,7.132631630779158183e-01
2.879967529296875000e+03,1.996263777306922864e-06,1.868111346538522677e-01,7.144772650462083430e-01
2.890376708984375000e+03,1.996215962304314514e-06,1.892018847842698026e-01,7.156900042821721097e-01
2.900823242187500000e+03,1.996167212000443116e-06,1.916393999778396862e-01,7.169011926393769052e-01
2.909208007812500000e+03,1.996127511921051125e-06,1.936244039474392109e-01,7.178691789098310405e-01
2.919722656250000000e+03,1.996077273647527332e-06,1.961363176236288752e-01,7.190776380850056881e-01
2.930275878906250000e+03,1.996025399826355972e-06,1.987300086821968403e-01,7.202846659057903222e-01
2.940866943359375000e+03,1.995972627841145591e-06,2.013686079427159381e-01,7.214901296844778988e-01
2.949367431640625000e+03,1.995929480681254226e-06,2.035259659372842256e-01,7.224533857713433260e-01
2.960027343750000000e+03,1.995875236568885730e-06,2.062381715557090045e-01,7.236559992694682197e-01
2.970725830078125000e+03,1.995819701565504833e-06,2.090149217247538327e-01,7.248570481310754321e-01
2.979312255859375000e+03,1.995774485298142575e-06,2.112757350928667344e-01,7.258168373912541327e-01
2.990080322265625000e+03,1.995717007470863261e-06,2.141496264568324426e-01,7.270150452172248201e-01
3.000887451171875000e+03,1.995658514303637463e-06,2.170742848181223539e-01,7.282116429473783903e-01
3.009561523437500000e+03,1.995610193640416226e-06,2.194903179791841685e-01,7.291677722629243963e-01
3.020438964843750000e+03,1.995549410699792021e-06,2.225294650103944172e-01,7.303613508347961414e-01
3.029169189453125000e+03,1.995499794106791891e-06,2.250102946604009557e-01,7.313150810059424467e-01
3.040117431640625000e+03,1.995436914630655266e-06,2.281542684672321908e-01,7.325057056713923931e-01
3.048904785156250000e+03,1.995385808049848064e-06,2.307095975075922623e-01,7.334569757109528076e-01
3.059924804687500000e+03,1.995320178030934397e-06,2.339910984532756200e-01,7.346444806240997050e-01
3.070984375000000000e+03,1.995253720645385343e-06,2.373139677307283535e-01,7.358303339174796509e-01
3.079860595703125000e+03,1.995199859115463710e-06,2.400070442268099902e-01,7.367776569537533016e-01
3.090991943359375000e+03,1.995131516564796638e-06,2.434241717601635935e-01,7.379604404096307135e-01
3.099926269531250000e+03,1.995075889032188375e-06,2.462055483905767339e-01,7.389052742206165814e-01
3.108886230468750000e+03,1.995018872438215266e-06,2.490563780892321999e-01,7.398489989482428530e-01
3.120122314453125000e+03,1.994947694237985930e-06,2.526152881006989981e-01,7.410270836588301879e-01
3.129140625000000000e+03,1.994889354192722737e-06,2.555322903638586052e-01,7.419682540683758543e-01
3.140449951171875000e+03,1.994815233312747047e-06,2.592383343626431524e-01,7.431430804593426309e-01
3.149527099609375000e+03,1.994755063553604734e-06,2.622468223197587656e-01,7.440816527648729251e-01
3.160910156250000000e+03,1.994678374007049269e-06,2.660812996475320213e-01,7.452531505027715220e-01
3.170046386718750000e+03,1.994615875705345109e-06,2.692062147327400345e-01,7.461889824460844478e-01
3.179208740234375000e+03,1.994553025017371472e-06,2.723487491314218745e-01,7.471237061918207800e-01
3.190699218750000000e+03,1.994472662399580871e-06,2.763668800209519438e-01,7.482904081361956283e-01
3.199921386718750000e+03,1.994407362046752979e-06,2.796318976623465846e-01,7.492223359353209489e-01
3.209170654296875000e+03,1.994341060318368752e-06,2.829469840815578840e-01,7.501531561835039774e-01
3.220769287109375000e+03,1.994256918743920565e-06,2.871540628039672693e-01,7.513148424896946009e-01
3.230078369140625000e+03,1.994188882201767072e-06,2.905558899116418847e-01,7.522427982742132535e-01
3.239414306640625000e+03,1.994119799564614829e-06,2.940100217692540596e-01,7.531695276930311378e-01
3.251122558593750000e+03,1.994031507042858950e-06,2.984246478570479755e-01,7.543262423174958986e-01
3.260519042968750000e+03,1.993960522352713449e-06,3.019738823643229875e-01,7.552501736073412575e-01
3.269942871093750000e+03,1.993888541781472091e-06,3.055729109263909393e-01,7.561728761631243412e-01
3.279394042968750000e+03,1.993815525277919731e-06,3.092237361040089394e-01,7.570942734324996870e-01
3.288872558593750000e+03,1.993740968438619946e-06,3.129515780689981486e-01,7.580143489022289627e-01
3.300759033203125000e+03,1.993647116767607179e-06,3.176441616196364892e-01,7.591627665600247932e-01
3.310299072265625000e+03,1.993570484307518209e-06,3.214757846240850481e-01,7.600800358568501336e-01
3.319866699218750000e+03,1.993493252645969914e-06,3.253373677014997911e-01,7.609959293613126619e-01
3.329462402343750000e+03,1.993414631978401905e-06,3.292684010799001859e-01,7.619106678425204837e-01
3.339085449218750000e+03,1.993334919709639305e-06,3.332540145180302171e-01,7.628238335848896989e-01
3.351153564453125000e+03,1.993233453351129826e-06,3.383273324435041585e-01,7.639636244055427738e-01
3.360839355468750000e+03,1.993151502486937509e-06,3.424248756531200755e-01,7.648740513985039513e-01
3.370552978515625000e+03,1.993068913918480408e-06,3.465543040759750948e-01,7.657830512917780386e-01
3.380295166015625000e+03,1.992984474640784686e-06,3.507762679607612233e-01,7.666908331069232085e-01
3.390065429687500000e+03,1.992898732292869759e-06,3.550633853565075548e-01,7.675971818666514901e-01
3.399863525390625000e+03,1.992812566478328670e-06,3.593716760835620194e-01,7.685021793493770348e-01
3.409690185546875000e+03,1.992724792616754479e-06,3.637603691622715574e-01,7.694058069711540160e-01
3.419545166015625000e+03,1.992635848929930164e-06,3.682075535034873282e-01,7.703080012171930058e-01
3.429428466796875000e+03,1.992546517255464769e-06,3.726741372267570185e-01,7.712090438777446932e-01
3.439340820312500000e+03,1.992454880178873239e-06,3.772559910563335062e-01,7.721084976736933836e-01
3.449281494140625000e+03,1.992362416751607285e-06,3.818791624196312684e-01,7.730066479272740265e-01
3.459250732421875000e+03,1.992269575529749472e-06,3.865212235125218831e-01,7.739034221868590357e-01
3.469249267578125000e+03,1.992174234998662099e-06,3.912882500668904973e-01,7.747988283034761281e-01
3.479276367187500000e+03,1.992078766040328726e-06,3.960616979835592244e-01,7.756928503236873995e-01
3.489332275390625000e+03,1.991981970532690735e-06,4.009014733654587825e-01,7.765854389693387372e-01
3.499417480468750000e+03,1.991883582014643390e-06,4.058208992678259408e-01,7.774766150327578895e-01
3.509531738281250000e+03,1.991783914622239319e-06,4.108042688880295668e-01,7.783663408306628062e-01
3.519675048828125000e+03,1.991683286868732303e-06,4.158356565633802848e-01,7.792547200579205136e-01
3.529847656250000000e+03,1.991581667286761107e-06,4.209166356619400973e-01,7.801416375801667469e-01
3.540049804687500000e+03,1.991478377743104259e-06,4.260811128447825058e-01,7.810271633154506343e-01
3.550281494140625000e+03,1.991373846373784521e-06,4.313076813107694640e-01,7.819111946522143697e-01
3.560542724609375000e+03,1.991268065993269359e-06,4.365967003365275323e-01,7.827937716515369626e-01
3.570833251953125000e+03,1.991161628323499485e-06,4.419185838250212495e-01,7.836750213974271739e-01
3.581154052734375000e+03,1.991052903693679141e-06,4.473548153160384344e-01,7.845547894589774973e-01
3.588914062500000000e+03,1.990970690726966723e-06,4.514654636516593489e-01,7.852135956929120475e-01
3.599286621093750000e+03,1.990860353281538013e-06,4.569823359230948401e-01,7.860907738025026958e-01
3.609689453125000000e+03,1.990748093072543422e-06,4.625953463728244563e-01,7.869665352397348101e-01
3.620122558593750000e+03,1.990634295550795927e-06,4.682852224601992130e-01,7.878406984941166424e-01
3.630585449218750000e+03,1.990519360366732411e-06,4.740319816633749017e-01,7.887134859915390095e-01
3.641078857421875000e+03,1.990403199687854591e-06,4.798400156072659684e-01,7.895848216977203737e-01
3.648968505859375000e+03,1.990315409511547886e-06,4.842295244226011985e-01,7.902373543936214162e-01
3.659514648437500000e+03,1.990196833704125221e-06,4.901583147937345064e-01,7.911060344965190616e-01
3.670091552734375000e+03,1.990076639361390710e-06,4.961680319304599962e-01,7.919732151113272334e-01
3.680698974609375000e+03,1.989955244194644643e-06,5.022377902677633843e-01,7.928389156436252971e-01
3.688674560546875000e+03,1.989863179275946125e-06,5.068410362026892768e-01,7.934873079105509985e-01
3.699335937500000000e+03,1.989738754840411222e-06,5.130622579794343885e-01,7.943503653407880671e-01
3.710027832031250000e+03,1.989613114941410953e-06,5.193442529294478582e-01,7.952119200246433595e-01
3.720750488281250000e+03,1.989486604055654590e-06,5.256697972172660327e-01,7.960720089092939711e-01
3.728812988281250000e+03,1.989390336907056722e-06,5.304831546471594494e-01,7.967160921405331830e-01
3.739590332031250000e+03,1.989260233238046551e-06,5.369883380976679943e-01,7.975735043300378191e-01
3.750398925781250000e+03,1.989128594376144786e-06,5.435702811927561884e-01,7.984293713566167350e-01
3.761238769531250000e+03,1.988995288479212480e-06,5.502355760393715656e-01,7.992837134599991566e-01
3.769389160156250000e+03,1.988894989299943323e-06,5.552505350028293929e-01,7.999235066617154111e-01
3.780283691406250000e+03,1.988759346903092167e-06,5.620326548453871141e-01,8.007751782006924390e-01
3.791209472656250000e+03,1.988622491293857182e-06,5.688754353071363568e-01,8.016252982037521679e-01
3.799424316406250000e+03,1.988519066713796803e-06,5.740466643101553856e-01,8.022619552848243574e-01
3.810405761718750000e+03,1.988378999004578679e-06,5.810500497710615608e-01,8.031094265478165850e-01
3.818662109375000000e+03,1.988273732557119497e-06,5.863133721440206836e-01,8.037439817559778321e-01
3.829698974609375000e+03,1.988130599770427928e-06,5.934700114785991243e-01,8.045886983560553984e-01
3.840767578125000000e+03,1.987986788192434660e-06,6.006605903782624711e-01,8.054319429836412914e-01
3.849089843750000000e+03,1.987877934682555090e-06,6.061032658722409483e-01,8.060632735153515638e-01
3.860214599609375000e+03,1.987730901624078429e-06,6.134549187960741667e-01,8.069037939067340570e-01
3.871371582031250000e+03,1.987581851123205765e-06,6.209074438397071960e-01,8.077425997574395611e-01
3.879760253906250000e+03,1.987469437975100958e-06,6.265281012449475107e-01,8.083707314859180926e-01
3.890973632812500000e+03,1.987317936803481757e-06,6.341031598259075919e-01,8.092069150246032905e-01
3.899404785156250000e+03,1.987203108933520151e-06,6.398445533239879301e-01,8.098330107914540887e-01
3.910674560546875000e+03,1.987048800009845259e-06,6.475599995077325755e-01,8.106663735837086326e-01
3.919148437500000000e+03,1.986931672834441904e-06,6.534163582779003443e-01,8.112903989195747734e-01
3.930475585937500000e+03,1.986774578289256331e-06,6.612710855371789487e-01,8.121209986430566463e-01
3.938992431640625000e+03,1.986655125213105999e-06,6.672437393446954967e-01,8.127429560755241589e-01
3.950376708984375000e+03,1.986494802906337057e-06,6.752598546831426463e-01,8.135708192803207117e-01
3.958936523437500000e+03,1.986373386700004511e-06,6.813306649997699083e-01,8.141907500596676783e-01
3.970378662109375000e+03,1.986209465582657938e-06,6.895267208670985415e-01,8.150157513335282156e-01
3.978981933593750000e+03,1.986085849825921653e-06,6.957075087039128469e-01,8.156335549357199843e-01
3.990481689453125000e+03,1.985919081013160761e-06,7.040459493419575221e-01,8.164558523805820478e-01
3.999128173828125000e+03,1.985793167658441481e-06,7.103416170779214278e-01,8.170714565290538856e-01
4.010686523437500000e+03,1.985623379086526418e-06,7.188310456736746179e-01,8.178910195536488459e-01
4.019376953125000000e+03,1.985495090620073501e-06,7.252454689963204748e-01,8.185046034712449847e-01
4.030993652343750000e+03,1.985321912705705652e-06,7.339043647147128757e-01,8.193212866770043235e-01
4.039728027343750000e+03,1.985190955941229338e-06,7.404522029385286475e-01,8.199327478833062788e-01
4.051403564453125000e+03,1.985014534869127849e-06,7.492732565436031056e-01,8.207465937770079822e-01
4.060182373046875000e+03,1.984881127842690297e-06,7.559436078654806490e-01,8.213559746075578261e-01
4.068980224609375000e+03,1.984746632451153458e-06,7.626683774423226314e-01,8.219643670329026541e-01
4.080740234375000000e+03,1.984565563782102512e-06,7.717218108948699085e-01,8.227742315124244588e-01
4.089582519531250000e+03,1.984428820383365785e-06,7.785589808317062710e-01,8.233805451858982050e-01
4.101401855468750000e+03,1.984244632303816007e-06,7.877683848091950880e-01,8.241876536009737908e-01
4.110288574218750000e+03,1.984105720189257424e-06,7.947139905371242152e-01,8.247917741706424222e-01
4.119195312500000000e+03,1.983964608314785315e-06,8.017695842607298617e-01,8.253950923035627829e-01
4.131100097656250000e+03,1.983775779844858065e-06,8.112110077570922062e-01,8.261980748781473372e-01
4.140051269531250000e+03,1.983633130524786522e-06,8.183434737606694043e-01,8.267992216212892709e-01
4.149022460937500000e+03,1.983488488337576408e-06,8.255755831211750717e-01,8.273995051966285263e-01
4.161013671875000000e+03,1.983294371048597821e-06,8.352814475701044739e-01,8.281983359334886829e-01
4.170029785156250000e+03,1.983147606002832284e-06,8.426196998583813658e-01,8.287964478186428119e-01
4.179065429687500000e+03,1.982999638088443017e-06,8.500180955778446901e-01,8.293935864162078619e-01
4.191143554687500000e+03,1.982800906228403279e-06,8.599546885798315943e-01,8.301884691229642899e-01
4.200224609375000000e+03,1.982650816796081776e-06,8.674591601959066312e-01,8.307834865706019700e-01
4.209325683593750000e+03,1.982499294510087321e-06,8.750352744956293449e-01,8.313776528532791366e-01
4.221491210937500000e+03,1.982295443613097001e-06,8.852278193451454946e-01,8.321684100373760717e-01
4.230638183593750000e+03,1.982141307269475978e-06,8.929346365261966456e-01,8.327603781400192418e-01
4.239805664062500000e+03,1.981985745903624593e-06,9.007127048187658636e-01,8.333514647447013424e-01
4.248992187500000000e+03,1.981829249725924952e-06,9.085375137037480231e-01,8.339415437785331342e-01
4.261271972656250000e+03,1.981618629831296275e-06,9.190685084351817302e-01,8.347269087171849122e-01
4.270505371093750000e+03,1.981459476597053581e-06,9.270261701473164750e-01,8.353150596457347143e-01
4.279758789062500000e+03,1.981298922115272814e-06,9.350538942363548767e-01,8.359020523420253035e-01
4.289031738281250000e+03,1.981137965245895723e-06,9.431017377052094419e-01,8.364882054227342767e-01
4.301427734375000000e+03,1.980920010478392260e-06,9.539994760803826024e-01,8.372682261768682466e-01
4.310748046875000000e+03,1.980755859249230786e-06,9.622070375384561558e-01,8.378522573771998161e-01
4.320088378906250000e+03,1.980590375937993764e-06,9.704812031003073880e-01,8.384353438684553073e-01
4.329449218750000000e+03,1.980423738484360176e-06,9.788130757819866190e-01,8.390174384286530618e-01
4.338830078125000000e+03,1.980255773414369250e-06,9.872113292815329899e-01,8.395986572455704788e-01
4.351370117187500000e+03,1.980029836457050419e-06,9.985081771474745294e-01,8.403721627564576524e-01
4.360798828125000000e+03,1.979858631949018102e-06,1.007068402549090358e+00,8.409512214495117322e-01
4.370247558593750000e+03,1.979686980615211112e-06,1.015650969239439982e+00,8.415293053330701323e-01
4.379716796875000000e+03,1.979513754912831718e-06,1.024312254358409557e+00,8.421064485020007817e-01
4.389206542968750000e+03,1.979339495315878553e-06,1.033025234206067733e+00,8.426827501193339121e-01
4.398717285156250000e+03,1.979163604879431262e-06,1.041819756028432575e+00,8.432580739970568784e-01
4.411430175781250000e+03,1.978927209682632044e-06,1.053639515868393328e+00,8.440237206514784596e-01
4.420988769531250000e+03,1.978748874708998604e-06,1.062556264550065244e+00,8.445968540723662876e-01
4.430568359375000000e+03,1.978568437243835543e-06,1.071578137808218312e+00,8.451691499104274641e-01
4.440168457031250000e+03,1.978387368247026893e-06,1.080631587648650971e+00,8.457404468172483591e-01
4.449789062500000000e+03,1.978205538977518734e-06,1.089723051124058983e+00,8.463107576525603637e-01
4.459430175781250000e+03,1.978022334709124412e-06,1.098883264543774940e+00,8.468802805782171816e-01
4.469092773437500000e+03,1.977837585431314056e-06,1.108120728434292657e+00,8.474486998340468036e-01
4.478776367187500000e+03,1.977651875199678014e-06,1.117406240016094898e+00,8.480163164556241417e-01
4.488480957031250000e+03,1.977464471600009863e-06,1.126776419999502288e+00,8.485829670398528091e-01
4.501452636718750000e+03,1.977212906726972712e-06,1.139354663651360067e+00,8.493370633750941812e-01
4.511206542968750000e+03,1.977022805281566366e-06,1.148859735921677228e+00,8.499016216631793963e-01
4.520981445312500000e+03,1.976830712104626664e-06,1.158464394768662364e+00,8.504651472493638398e-01
4.530777832031250000e+03,1.976637483781880415e-06,1.168125810905974671e+00,8.510277425449821465e-01
4.540594238281250000e+03,1.976443974925860690e-06,1.177801253706961093e+00,8.515894524395206666e-01
4.550433105468750000e+03,1.976248479797103339e-06,1.187576010144828720e+00,8.521501697469306968e-01
4.560292968750000000e+03,1.976051518771426486e-06,1.197424061428671305e+00,8.527099802252486871e-01
4.570174316406250000e+03,1.975853043908796500e-06,1.207347804560170434e+00,8.532688432369901488e-01
4.580076660156250000e+03,1.975654138111930178e-06,1.217293094403486542e+00,8.538268231827521593e-01
4.590000488281250000e+03,1.975453568379351008e-06,1.227321581032445152e+00,8.543838462077614215e-01
4.599946289062500000e+03,1.975251661057631962e-06,1.237416947118397559e+00,8.549398959317267011e-01
4.609913574218750000e+03,1.975048368830137449e-06,1.247581558493123133e+00,8.554951317457377691e-01
4.619901855468750000e+03,1.974843833936145685e-06,1.257808303192711197e+00,8.560493219338863868e-01
4.629911621093750000e+03,1.974638770284984173e-06,1.268061485750786810e+00,8.566026555594838943e-01
4.639943847656250000e+03,1.974430992394106091e-06,1.278450380294690936e+00,8.571550457994034922e-01
4.649998046875000000e+03,1.974222265603467210e-06,1.288886719826634941e+00,8.577064872782110827e-01
4.660073730468750000e+03,1.974012348943132620e-06,1.299382552843364458e+00,8.582569692056991606e-01
4.670171875000000000e+03,1.973800323602102425e-06,1.309983819894874335e+00,8.588065987818734870e-01
4.680290527343750000e+03,1.973588657729018260e-06,1.320567113549082627e+00,8.593552776637284341e-01
4.690431152343750000e+03,1.973375467137789047e-06,1.331226643110543284e+00,8.599029340779271724e-01
4.700593261718750000e+03,1.973161104191937615e-06,1.341944790403114762e+00,8.604497064224503333e-01
4.710778808593750000e+03,1.972944172174133381e-06,1.352791391293326484e+00,8.609955813782170786e-01
4.720986328125000000e+03,1.972726635991799275e-06,1.363668200410031783e+00,8.615405562861608857e-01
4.731216308593750000e+03,1.972506410564075158e-06,1.374679471796237618e+00,8.620845071532589055e-01
4.741467773437500000e+03,1.972286322625455362e-06,1.385683868727227486e+00,8.626275986201390467e-01
4.748314453125000000e+03,1.972138672653124900e-06,1.393066367343750445e+00,8.629891550219201957e-01
4.758602539062500000e+03,1.971916517918358001e-06,1.404174104082095420e+00,8.635306537398792504e-01
4.768913085937500000e+03,1.971692854018637079e-06,1.415357299068141561e+00,8.640711889808262436e-01
4.779246093750000000e+03,1.971467221570878701e-06,1.426638921456060416e+00,8.646107950298078659e-01
4.789602050781250000e+03,1.971240715666501706e-06,1.437964216674910256e+00,8.651495786803438115e-01
4.799979492187500000e+03,1.971013153340521665e-06,1.449342332973912351e+00,8.656873767423642896e-01
4.810379882812500000e+03,1.970783905810336304e-06,1.460804709483180197e+00,8.662242368061245923e-01
4.820802734375000000e+03,1.970553522247056208e-06,1.472323887647185137e+00,8.667601426506851281e-01
4.831248046875000000e+03,1.970321585541300914e-06,1.483920722934949810e+00,8.672952185535472980e-01
4.841716308593750000e+03,1.970087993064278743e-06,1.495600346786058354e+00,8.678293112196555636e-01
4.848707519531250000e+03,1.969932297622438911e-06,1.503385118878049820e+00,8.681848140049123197e-01
4.859213378906250000e+03,1.969696427542137745e-06,1.515178622893108340e+00,8.687172733332347851e-01
4.869741699218750000e+03,1.969460101607353914e-06,1.526994919632299830e+00,8.692489308270048287e-01
4.880293945312500000e+03,1.969221499359041899e-06,1.538925032047900654e+00,8.697796206064599689e-01
4.890868164062500000e+03,1.968982085246888332e-06,1.550895737655578976e+00,8.703093624826685470e-01
4.901465332031250000e+03,1.968741409256620557e-06,1.562929537168967764e+00,8.708381706006871337e-01
4.908542968750000000e+03,1.968580092432782040e-06,1.570995378360893646e+00,8.711901417892442545e-01
4.919178222656250000e+03,1.968337223126609714e-06,1.583138843669509743e+00,8.717173789063330513e-01
4.929836914062500000e+03,1.968092730374503699e-06,1.595363481274810535e+00,8.722437428247638014e-01
4.940518554687500000e+03,1.967847205328619622e-06,1.607639733569014462e+00,8.727692171889643857e-01
4.951223144531250000e+03,1.967600573061709610e-06,1.619971346914515165e+00,8.732936703320959282e-01
4.958372558593750000e+03,1.967435029968744714e-06,1.628248501562759909e+00,8.736428137918470505e-01
4.969116210937500000e+03,1.967185490070588417e-06,1.640725496470574640e+00,8.741657305770963449e-01
4.979882812500000000e+03,1.966935334147485189e-06,1.653233292625735817e+00,8.746878392892006859e-01
4.990672851562500000e+03,1.966683492927474389e-06,1.665825353626276151e+00,8.752088409996061635e-01
5.001486328125000000e+03,1.966430382530323327e-06,1.678480873483829239e+00,8.757290765506077213e-01
5.008708496093750000e+03,1.966260520084693196e-06,1.686973995765335799e+00,8.760752745883020332e-01
5.019561035156250000e+03,1.966004735996584475e-06,1.699763200170771871e+00,8.765938728717044270e-01
5.030437011718750000e+03,1.965748226954063931e-06,1.712588652296798797e+00,8.771116326019383624e-01
5.041336425781250000e+03,1.965490250308539864e-06,1.725487484573002384e+00,8.776283960900819192e-01
5.048615722656250000e+03,1.965318151307445790e-06,1.734092434627706014e+00,8.779723994165682388e-01
5.059554687500000000e+03,1.965057895610329890e-06,1.747105219483501060e+00,8.784876099315901410e-01
5.070517578125000000e+03,1.964796219536520159e-06,1.760189023173987621e+00,8.790018985230438897e-01
5.081503906250000000e+03,1.964533743273989855e-06,1.773312836300502848e+00,8.795153268306211691e-01
5.088841308593750000e+03,1.964357998910602862e-06,1.782100054469852646e+00,8.798570432192183155e-01
5.099867187500000000e+03,1.964093289378306169e-06,1.795335531084687020e+00,8.803688806884928386e-01
5.110917480468750000e+03,1.963826594935836579e-06,1.808670253208166656e+00,8.808798109194997394e-01
5.118297851562500000e+03,1.963647844021135218e-06,1.817607798943234654e+00,8.812198795826701181e-01
5.129387695312500000e+03,1.963379729594183626e-06,1.831013520290814434e+00,8.817292593356229613e-01
5.140500976562500000e+03,1.963111070056250635e-06,1.844446497187463674e+00,8.822377790085911275e-01
5.151639160156250000e+03,1.962839673283187993e-06,1.858016335840595890e+00,8.827452822492103390e-01
5.159078125000000000e+03,1.962657988994137087e-06,1.867100550293141259e+00,8.830831459177772569e-01
5.170255859375000000e+03,1.962385174084408370e-06,1.880741295779576827e+00,8.835890875585030724e-01
5.181458496093750000e+03,1.962111126174578725e-06,1.894443691271059382e+00,8.840942246806090532e-01
5.188940429687500000e+03,1.961927389903472391e-06,1.903630504826376191e+00,8.844304074143344296e-01
5.200183105468750000e+03,1.961651335902058290e-06,1.917433204897080801e+00,8.849339821743487100e-01
5.211450683593750000e+03,1.961373850264056363e-06,1.931307486797177342e+00,8.854366259931284455e-01
5.218975585937500000e+03,1.961187725352168566e-06,1.940613732391567314e+00,8.857711153164753437e-01
5.230283691406250000e+03,1.960908206152134375e-06,1.954589692393276623e+00,8.862722728725104249e-01
5.241616699218750000e+03,1.960626784571475429e-06,1.968660771426224088e+00,8.867723705239616283e-01
5.249185058593750000e+03,1.960439063721041706e-06,1.978046813947910154e+00,8.871053734779594802e-01
5.260558593750000000e+03,1.960156163752513601e-06,1.992191812374315418e+00,8.876039895552406689e-01
5.268154296875000000e+03,1.959967082367991872e-06,2.001645881600401911e+00,8.879358222817710367e-01
5.279569335937500000e+03,1.959681736671450938e-06,2.015913166427448555e+00,8.884329800123513809e-01
5.291008300781250000e+03,1.959395952523908475e-06,2.030202373804571803e+00,8.889291400095060691e-01
5.298648437500000000e+03,1.959204023198446376e-06,2.039798840077676978e+00,8.892593403242184946e-01
5.310128906250000000e+03,1.958916299677354820e-06,2.054185016132254571e+00,8.897540536444878967e-01
5.321634765625000000e+03,1.958626494264202226e-06,2.068675286789884105e+00,8.902477173392534526e-01
5.329318847656250000e+03,1.958433199400927381e-06,2.078340029953626544e+00,8.905763801655290912e-01
5.340865722656250000e+03,1.958141837709951229e-06,2.092908114502434191e+00,8.910685465610166389e-01
5.348578125000000000e+03,1.957946673464058999e-06,2.102666326797045571e+00,8.913962750150826730e-01
5.360166503906250000e+03,1.957654117602516362e-06,2.117294119874177483e+00,8.918868218862300301e-01
5.371780761718750000e+03,1.957359619606442390e-06,2.132019019677875882e+00,8.923765799540669397e-01
5.379537109375000000e+03,1.957162970242371501e-06,2.141851487881420546e+00,8.927025642562160801e-01
5.391192871093750000e+03,1.956867174345411134e-06,2.156641282729439002e+00,8.931908033285901327e-01
5.398977050781250000e+03,1.956669145351872342e-06,2.166542732406378402e+00,8.935156927396303850e-01
5.410675292968750000e+03,1.956371069392066989e-06,2.181446530396645933e+00,8.940023334655931020e-01
5.418487792968750000e+03,1.956171819326484568e-06,2.191409033675767226e+00,8.943263044480121993e-01
5.430228027343750000e+03,1.955872007694163807e-06,2.206399615291805283e+00,8.948114686955851438e-01
5.438069335937500000e+03,1.955671655937493905e-06,2.216417203125300439e+00,8.951343529733847282e-01
5.449852050781250000e+03,1.955369980100160692e-06,2.231500994991960862e+00,8.956180322199106536e-01
5.461660156250000000e+03,1.955067338814948638e-06,2.246633059252563402e+00,8.961007235606440746e-01
5.469546386718750000e+03,1.954864758096223761e-06,2.256762095188807660e+00,8.964219120748103675e-01
5.481397460937500000e+03,1.954560556688605128e-06,2.271972165569739133e+00,8.969030697066777691e-01
5.489312500000000000e+03,1.954356999754183583e-06,2.282150012290816488e+00,8.972233162788745275e-01
5.501205566406250000e+03,1.954051625321377240e-06,2.297418733931133605e+00,8.977029723822176344e-01
5.509148925781250000e+03,1.953846259293352945e-06,2.307687035332348646e+00,8.980221740649265705e-01
5.521085937500000000e+03,1.953538611247029111e-06,2.323069437648540347e+00,8.985002258071591585e-01
5.529057617187500000e+03,1.953333264015450268e-06,2.333336799227482050e+00,8.988184994284648122e-01
5.541037109375000000e+03,1.953024468264431413e-06,2.348776586778424935e+00,8.992950562505754863e-01
5.549038574218750000e+03,1.952817176174680864e-06,2.359141191265952564e+00,8.996122416292348101e-01
5.561062011718750000e+03,1.952506243465177612e-06,2.374687826741115337e+00,9.000872520135191346e-01
5.569091796875000000e+03,1.952298313681456270e-06,2.385084315927182175e+00,9.004034206452847799e-01
5.581157714843750000e+03,1.951986203257128433e-06,2.400689837143573868e+00,9.008769712357260762e-01
5.589216308593750000e+03,1.951777998172686845e-06,2.411100091365653064e+00,9.011920588811703769e-01
5.601326171875000000e+03,1.951463918387632827e-06,2.426804080618353954e+00,9.016639879722849749e-01
5.609414062500000000e+03,1.951254191640621409e-06,2.437290417968925205e+00,9.019781408479392582e-01
5.621567871093750000e+03,1.950938803403435517e-06,2.453059829828220018e+00,9.024485629587740698e-01
5.629685058593750000e+03,1.950728166864357010e-06,2.463591656782145201e+00,9.027616572310769305e-01
5.641882812500000000e+03,1.950412081205421674e-06,2.479395939728911813e+00,9.032306138297145903e-01
5.650029296875000000e+03,1.950199581912504407e-06,2.490020904374774968e+00,9.035426168844516992e-01
5.658187500000000000e+03,1.949987967965412198e-06,2.500601601729385504e+00,9.038542338111903440e-01
5.670446777343750000e+03,1.949669245657732388e-06,2.516537717113376260e+00,9.043209795301098142e-01
5.678634277343750000e+03,1.949456225507625633e-06,2.527188724618714133e+00,9.046316400719214279e-01
5.690937500000000000e+03,1.949136859378480245e-06,2.543157031075983454e+00,9.050968323376847868e-01
5.699155273437500000e+03,1.948922963183397521e-06,2.553851840830119624e+00,9.054064099469856242e-01
5.711503906250000000e+03,1.948601544489634126e-06,2.569922775518289182e+00,9.058700957889959104e-01
5.719750488281250000e+03,1.948387182127803442e-06,2.580640893609823738e+00,9.061786713809620863e-01
5.728009277343750000e+03,1.948172632463396134e-06,2.591368376830188502e+00,9.064868924612725642e-01
5.740419921875000000e+03,1.947849997159990340e-06,2.607500142000478416e+00,9.069483900164033718e-01
5.748708984375000000e+03,1.947633947335782285e-06,2.618302633210881414e+00,9.072556062226656559e-01
5.761164550781250000e+03,1.947310280321559536e-06,2.634485983922018715e+00,9.077154879449519376e-01
5.769483398437500000e+03,1.947093708183162409e-06,2.645314590841874924e+00,9.080215797443846881e-01
5.781984375000000000e+03,1.946768581735687921e-06,2.661570913215599354e+00,9.084800022991020851e-01
5.790332519531250000e+03,1.946551751000127606e-06,2.672412449993615269e+00,9.087850489436095636e-01
5.798693359375000000e+03,1.946334274822535409e-06,2.683286258873225361e+00,9.090897030696378778e-01
5.811257324218750000e+03,1.946008580389676108e-06,2.699570980516190044e+00,9.095461575632587392e-01
5.819648437500000000e+03,1.945790448993531682e-06,2.710477550323411311e+00,9.098496806498458378e-01
5.828051269531250000e+03,1.945572273888929060e-06,2.721386305553542329e+00,9.101530329516183127e-01
5.840678710937500000e+03,1.945245137268096271e-06,2.737743136595182314e+00,9.106070408063748900e-01
5.849112304687500000e+03,1.945026336143562175e-06,2.748683192821887111e+00,9.109091830756425034e-01
5.861785644531250000e+03,1.944697687904447346e-06,2.765115604777628189e+00,9.113617515577049355e-01
5.870249023437500000e+03,1.944478415643112650e-06,2.776079217844363178e+00,9.116628389324623605e-01
5.878725585937500000e+03,1.944259430442171704e-06,2.787028477891410727e+00,9.119637307454098174e-01
5.891462890625000000e+03,1.943929608514436962e-06,2.803519574278147353e+00,9.124140112379600653e-01
5.899969238281250000e+03,1.943710204931414242e-06,2.814489753429283425e+00,9.127138085248542865e-01
5.908488769531250000e+03,1.943489740688488871e-06,2.825512965575551760e+00,9.130130369910275379e-01
5.921290527343750000e+03,1.943159836672553350e-06,2.842008166372328226e+00,9.134613355128186063e-01
5.929839843750000000e+03,1.942939637233647434e-06,2.853018138317624075e+00,9.137596091100614881e-01
5.938402343750000000e+03,1.942718613393216536e-06,2.864069330339168662e+00,9.140574531386961299e-01
5.951268554687500000e+03,1.942388039037663900e-06,2.880598048116800758e+00,9.145034315206388431e-01
5.959861816406250000e+03,1.942166713548764345e-06,2.891664322561778189e+00,9.148003147110596034e-01
5.968467285156250000e+03,1.941946385194779896e-06,2.902680740261001091e+00,9.150966898646814007e-01
5.981398925781250000e+03,1.941614383906010949e-06,2.919280804699448062e+00,9.155405007074923773e-01
5.990035644531250000e+03,1.941393470100666884e-06,2.930326494966651651e+00,9.158358570478926097e-01
5.998684570312500000e+03,1.941172580837611611e-06,2.941370958119414958e+00,9.161308907794221135e-01
6.011681640625000000e+03,1.940840503902488385e-06,2.957974804875576069e+00,9.165725823107775394e-01
6.020361816406250000e+03,1.940619384183922734e-06,2.969030790803858899e+00,9.168664570380690160e-01
6.029055175781250000e+03,1.940396694204424794e-06,2.980165289778755611e+00,9.171598639121287810e-01
6.042117675781250000e+03,1.940065445021049802e-06,2.996727748947505265e+00,9.175994094758965769e-01
6.050842285156250000e+03,1.939843607002865029e-06,3.007819649856744437e+00,9.178918041703604258e-01
6.059579101562500000e+03,1.939621745587988703e-06,3.018912720600560373e+00,9.181838541038102042e-01
6.068329101562500000e+03,1.939399701391929016e-06,3.030014930403544859e+00,9.184753991883310986e-01
6.081476562500000000e+03,1.939068253931962533e-06,3.046587303401868674e+00,9.189120826270161801e-01
6.090257812500000000e+03,1.938846484378646205e-06,3.057675781067685339e+00,9.192026211274310077e-01
6.099051269531250000e+03,1.938624985414667370e-06,3.068750729266627175e+00,9.194927524762945836e-01
6.107857910156250000e+03,1.938403602411826661e-06,3.079819879408662420e+00,9.197824584325966502e-01
6.121091308593750000e+03,1.938071171515964457e-06,3.096441424201772818e+00,9.202162181813439146e-01
6.129929687500000000e+03,1.937849680011349509e-06,3.107515999432520104e+00,9.205048974230252146e-01
6.138780761718750000e+03,1.937628840630865792e-06,3.118557968456705964e+00,9.207931640663785666e-01
6.152081542968750000e+03,1.937296886588693401e-06,3.135155670565325181e+00,9.212246832364261451e-01
6.160964843750000000e+03,1.937075780727106922e-06,3.146210963644649361e+00,9.215119186832341214e-01
6.169860351562500000e+03,1.936854876981375167e-06,3.157256150931237570e+00,9.217986854623024806e-01
6.178769042968750000e+03,1.936633757198715803e-06,3.168312140064205806e+00,9.220849487617369666e-01
6.192156738281250000e+03,1.936302841602047755e-06,3.184857919897607914e+00,9.225137351360018778e-01
6.201097656250000000e+03,1.936082127688711950e-06,3.195893615564398438e+00,9.227990425707545130e-01
6.210051269531250000e+03,1.935862026536405282e-06,3.206898673179731762e+00,9.230838376482707330e-01
6.219018554687500000e+03,1.935641626783065187e-06,3.217918660846736501e+00,9.233683142883939432e-01
6.227998046875000000e+03,1.935421561397543373e-06,3.228921930122827355e+00,9.236522889475495823e-01
6.241491699218750000e+03,1.935092146224834733e-06,3.245392688758259148e+00,9.240775800756306779e-01
6.250503417968750000e+03,1.934873083970777871e-06,3.256345801461102418e+00,9.243605033423892836e-01
6.259528808593750000e+03,1.934653820645498891e-06,3.267308967725050639e+00,9.246429923872862000e-01
6.268566894531250000e+03,1.934434393158238664e-06,3.278280342088061960e+00,9.249250366480988861e-01
6.282148437500000000e+03,1.934106851332976498e-06,3.294657433351170894e+00,9.253473650872022782e-01
6.291219238281250000e+03,1.933888342165542513e-06,3.305582891722870009e+00,9.256283840322853118e-01
6.300303710937500000e+03,1.933669808552476785e-06,3.316509572376156179e+00,9.259089465894945192e-01
6.309400390625000000e+03,1.933452427224316037e-06,3.327378638784193932e+00,9.261891108044520982e-01
6.318510742187500000e+03,1.933234264513112829e-06,3.338286774344354058e+00,9.264688170684801660e-01
6.332200683593750000e+03,1.932908765148373578e-06,3.354561742581316786e+00,9.268876479925585166e-01
6.341343750000000000e+03,1.932691707850411155e-06,3.365414607479438214e+00,9.271661948216901594e-01
6.350500488281250000e+03,1.932475456145460159e-06,3.376227192726987347e+00,9.274445024759149225e-01
6.359669921875000000e+03,1.932259835473054987e-06,3.387008226347246076e+00,9.277222796375107494e-01
6.368852539062500000e+03,1.932044127304637911e-06,3.397793634768100368e+00,9.279995960191825821e-01
6.378048828125000000e+03,1.931828606588728642e-06,3.408569670563563303e+00,9.282765288653584967e-01
6.391867675781250000e+03,1.931506802884944404e-06,3.424659855752775428e+00,9.286910298174431144e-01
6.401097167968750000e+03,1.931292128197519052e-06,3.435393590124043328e+00,9.289669542831644478e-01
6.410339355468750000e+03,1.931078454568874959e-06,3.446077271556247990e+00,9.292422677825437072e-01
6.419595703125000000e+03,1.930865083219471407e-06,3.456745839026425404e+00,9.295172090322165737e-01
6.428865234375000000e+03,1.930651742220681794e-06,3.467412888965906159e+00,9.297917324531590477e-01
6.438147460937500000e+03,1.930439877184765729e-06,3.478006140761709553e+00,9.300658473199819865e-01
6.452096679687500000e+03,1.930121384529999969e-06,3.493930773499997144e+00,9.304760956236464153e-01
6.461413085937500000e+03,1.929910777600862264e-06,3.504461119956882253e+00,9.307491992306515805e-01
6.470742675781250000e+03,1.929700191480602556e-06,3.514990425969867438e+00,9.310216641449851060e-01
6.480085449218750000e+03,1.929490370107976710e-06,3.525481494601160559e+00,9.312938007557148845e-01
6.489441894531250000e+03,1.929280877900592409e-06,3.535956104970375158e+00,9.315654278553483492e-01
6.498812011718750000e+03,1.929071977251118772e-06,3.546401137444057383e+00,9.318366738525474258e-01
